  2.000000E-01  1.206721E+00  1.220645E+00  1.252741E+00  0.000000E+00
  4.000000E-01  1.207022E+00  1.220779E+00  1.253219E+00  0.000000E+00
  6.000000E-01  1.206998E+00  1.220803E+00  1.253674E+00  0.000000E+00
  8.000000E-01  1.207320E+00  1.220833E+00  1.253987E+00  0.000000E+00
  1.000000E+00  1.207550E+00  1.220920E+00  1.254360E+00  0.000000E+00
  1.200000E+00  1.207744E+00  1.220909E+00  1.254481E+00  0.000000E+00
  1.400000E+00  1.207795E+00  1.220851E+00  1.254700E+00  0.000000E+00
  1.600000E+00  1.208058E+00  1.220818E+00  1.254835E+00  0.000000E+00
  1.800000E+00  1.207896E+00  1.220778E+00  1.255129E+00  0.000000E+00
  2.000000E+00  1.208145E+00  1.220835E+00  1.255741E+00  0.000000E+00
  2.200000E+00  1.208144E+00  1.220768E+00  1.256167E+00  0.000000E+00
  2.400000E+00  1.208192E+00  1.220721E+00  1.256233E+00  0.000000E+00
  2.600000E+00  1.208187E+00  1.220674E+00  1.255972E+00  0.000000E+00
  2.800000E+00  1.208415E+00  1.220696E+00  1.255678E+00  1.000000E+00
  3.000000E+00  1.208861E+00  1.220767E+00  1.255975E+00  1.000000E+00
  3.200000E+00  1.209344E+00  1.220828E+00  1.256264E+00  1.000000E+00
  3.400000E+00  1.209635E+00  1.220850E+00  1.256372E+00  1.000000E+00
  3.600000E+00  1.209810E+00  1.220851E+00  1.256411E+00  1.000000E+00
  3.800000E+00  1.209932E+00  1.220884E+00  1.256671E+00  1.000000E+00
  4.000000E+00  1.209980E+00  1.220831E+00  1.256965E+00  1.000000E+00
  4.200000E+00  1.210148E+00  1.220891E+00  1.257158E+00  1.500000E+00
  4.400000E+00  1.210595E+00  1.220842E+00  1.257422E+00  1.500000E+00
  4.600000E+00  1.210746E+00  1.220909E+00  1.257616E+00  1.500000E+00
  4.800000E+00  1.210804E+00  1.220912E+00  1.257550E+00  1.666667E+00
  5.000000E+00  1.211196E+00  1.220824E+00  1.257301E+00  1.500000E+00
  5.200000E+00  1.211234E+00  1.220850E+00  1.257187E+00  1.200000E+00
  5.400000E+00  1.211350E+00  1.220869E+00  1.257013E+00  1.428571E+00
  5.600000E+00  1.211669E+00  1.220900E+00  1.256896E+00  1.571429E+00
  5.800000E+00  1.212123E+00  1.220861E+00  1.256978E+00  1.857143E+00
  6.000000E+00  1.212726E+00  1.220818E+00  1.256872E+00  1.833333E+00
  6.200000E+00  1.213046E+00  1.220846E+00  1.256389E+00  1.650000E+00
  6.400000E+00  1.213176E+00  1.220866E+00  1.256074E+00  1.727273E+00
  6.600000E+00  1.213201E+00  1.220890E+00  1.255620E+00  1.518519E+00
  6.800000E+00  1.213433E+00  1.220849E+00  1.255401E+00  1.638889E+00
  7.000000E+00  1.213634E+00  1.220889E+00  1.254897E+00  1.666667E+00
  7.200000E+00  1.213678E+00  1.220920E+00  1.253908E+00  1.653846E+00
  7.400000E+00  1.214064E+00  1.220874E+00  1.253590E+00  1.647059E+00
  7.600000E+00  1.213959E+00  1.220838E+00  1.253348E+00  1.670732E+00
  7.800000E+00  1.214318E+00  1.220789E+00  1.252820E+00  1.666667E+00
  8.000000E+00  1.214611E+00  1.220831E+00  1.252227E+00  1.666667E+00
  8.200000E+00  1.215289E+00  1.220836E+00  1.251817E+00  1.696000E+00
  8.400000E+00  1.215542E+00  1.220906E+00  1.251149E+00  1.668831E+00
  8.600000E+00  1.215889E+00  1.220762E+00  1.250586E+00  1.615819E+00
  8.800000E+00  1.215975E+00  1.220876E+00  1.250492E+00  1.647668E+00
  9.000000E+00  1.215869E+00  1.221010E+00  1.249484E+00  1.618644E+00
  9.200000E+00  1.216363E+00  1.221048E+00  1.249337E+00  1.616162E+00
  9.400000E+00  1.216936E+00  1.221263E+00  1.248832E+00  1.598504E+00
  9.600000E+00  1.217632E+00  1.221576E+00  1.249176E+00  1.583636E+00
  9.800000E+00  1.218297E+00  1.221879E+00  1.248762E+00  1.505689E+00
  1.000000E+01  1.218800E+00  1.222048E+00  1.248564E+00  1.481759E+00
  1.020000E+01  1.219947E+00  1.222687E+00  1.249354E+00  1.477289E+00
  1.040000E+01  1.220515E+00  1.222880E+00  1.249252E+00  1.519885E+00
  1.060000E+01  1.221638E+00  1.223494E+00  1.249232E+00  1.519640E+00
  1.080000E+01  1.222233E+00  1.223937E+00  1.249272E+00  1.524752E+00
  1.100000E+01  1.222527E+00  1.223906E+00  1.249195E+00  1.531239E+00
  1.120000E+01  1.222563E+00  1.223630E+00  1.249582E+00  1.519335E+00
  1.140000E+01  1.223036E+00  1.223848E+00  1.249792E+00  1.512807E+00
  1.160000E+01  1.224080E+00  1.224427E+00  1.250665E+00  1.508344E+00
  1.180000E+01  1.224310E+00  1.224491E+00  1.250629E+00  1.510940E+00
  1.200000E+01  1.224996E+00  1.224798E+00  1.250867E+00  1.516464E+00
  1.220000E+01  1.225523E+00  1.224657E+00  1.251451E+00  1.516712E+00
  1.240000E+01  1.225827E+00  1.224428E+00  1.251170E+00  1.524052E+00
  1.260000E+01  1.224717E+00  1.222974E+00  1.250592E+00  1.507224E+00
  1.280000E+01  1.224846E+00  1.222854E+00  1.250572E+00  1.502562E+00
  1.300000E+01  1.224933E+00  1.222516E+00  1.250079E+00  1.492441E+00
  1.320000E+01  1.225065E+00  1.222105E+00  1.249987E+00  1.502164E+00
  1.340000E+01  1.225687E+00  1.222305E+00  1.250544E+00  1.501149E+00
  1.360000E+01  1.225779E+00  1.221855E+00  1.249567E+00  1.494594E+00
  1.380000E+01  1.225336E+00  1.220997E+00  1.249318E+00  1.499397E+00
  1.400000E+01  1.225361E+00  1.221190E+00  1.248282E+00  1.491365E+00
  1.420000E+01  1.224950E+00  1.220438E+00  1.248338E+00  1.486176E+00
  1.440000E+01  1.224815E+00  1.220096E+00  1.248169E+00  1.495056E+00
  1.460000E+01  1.224145E+00  1.219057E+00  1.248219E+00  1.484967E+00
  1.480000E+01  1.224699E+00  1.219313E+00  1.247984E+00  1.487601E+00
  1.500000E+01  1.225331E+00  1.219612E+00  1.247804E+00  1.480306E+00
  1.520000E+01  1.225301E+00  1.219191E+00  1.247378E+00  1.474066E+00
  1.540000E+01  1.225195E+00  1.219112E+00  1.247614E+00  1.488966E+00
  1.560000E+01  1.225496E+00  1.219308E+00  1.247407E+00  1.479443E+00
  1.580000E+01  1.225192E+00  1.218514E+00  1.247776E+00  1.467983E+00
  1.600000E+01  1.225202E+00  1.218456E+00  1.247620E+00  1.476780E+00
  1.620000E+01  1.225330E+00  1.218451E+00  1.248398E+00  1.474710E+00
  1.640000E+01  1.224812E+00  1.218228E+00  1.249115E+00  1.480074E+00
  1.660000E+01  1.224594E+00  1.217725E+00  1.248547E+00  1.472666E+00
  1.680000E+01  1.224138E+00  1.217271E+00  1.248694E+00  1.476437E+00
  1.700000E+01  1.223860E+00  1.217398E+00  1.248997E+00  1.488061E+00
  1.720000E+01  1.224156E+00  1.217242E+00  1.249319E+00  1.477927E+00
  1.740000E+01  1.224697E+00  1.217710E+00  1.250344E+00  1.481342E+00
  1.760000E+01  1.224474E+00  1.217557E+00  1.250094E+00  1.486507E+00
  1.780000E+01  1.224147E+00  1.217162E+00  1.249476E+00  1.471258E+00
  1.800000E+01  1.224401E+00  1.217321E+00  1.249516E+00  1.477665E+00
  1.820000E+01  1.224673E+00  1.218029E+00  1.250244E+00  1.484331E+00
  1.840000E+01  1.224339E+00  1.217870E+00  1.250158E+00  1.471835E+00
  1.860000E+01  1.224904E+00  1.218251E+00  1.250020E+00  1.475348E+00
  1.880000E+01  1.225184E+00  1.218851E+00  1.250155E+00  1.479393E+00
  1.900000E+01  1.225620E+00  1.219109E+00  1.250995E+00  1.483314E+00
  1.920000E+01  1.226305E+00  1.219378E+00  1.252038E+00  1.482212E+00
  1.940000E+01  1.226519E+00  1.219720E+00  1.253508E+00  1.486617E+00
  1.960000E+01  1.225862E+00  1.219274E+00  1.252818E+00  1.488615E+00
  1.980000E+01  1.226221E+00  1.219491E+00  1.253553E+00  1.479287E+00
  2.000000E+01  1.226276E+00  1.219596E+00  1.253528E+00  1.483319E+00
  2.020000E+01  1.226447E+00  1.219682E+00  1.253325E+00  1.488193E+00
  2.040000E+01  1.226180E+00  1.219864E+00  1.253815E+00  1.489560E+00
  2.060000E+01  1.225997E+00  1.219472E+00  1.254381E+00  1.491109E+00
  2.080000E+01  1.225851E+00  1.219288E+00  1.254888E+00  1.490600E+00
  2.100000E+01  1.225793E+00  1.220008E+00  1.255463E+00  1.488624E+00
  2.120000E+01  1.225725E+00  1.220356E+00  1.256006E+00  1.492096E+00
  2.140000E+01  1.225585E+00  1.220459E+00  1.256356E+00  1.497482E+00
  2.160000E+01  1.226007E+00  1.220319E+00  1.257202E+00  1.495803E+00
  2.180000E+01  1.226059E+00  1.220604E+00  1.257809E+00  1.496426E+00
  2.200000E+01  1.226759E+00  1.221264E+00  1.258354E+00  1.496102E+00
  2.220000E+01  1.227426E+00  1.221650E+00  1.259561E+00  1.497658E+00
  2.240000E+01  1.228236E+00  1.222299E+00  1.260068E+00  1.499466E+00
  2.260000E+01  1.228355E+00  1.222564E+00  1.260863E+00  1.502394E+00
  2.280000E+01  1.228188E+00  1.222470E+00  1.261981E+00  1.494845E+00
  2.300000E+01  1.228259E+00  1.222840E+00  1.263111E+00  1.496837E+00
  2.320000E+01  1.227408E+00  1.223071E+00  1.264194E+00  1.502438E+00
  2.340000E+01  1.226778E+00  1.222839E+00  1.265146E+00  1.500459E+00
  2.360000E+01  1.226629E+00  1.222813E+00  1.264903E+00  1.497124E+00
  2.380000E+01  1.226658E+00  1.223168E+00  1.265586E+00  1.505879E+00
  2.400000E+01  1.227122E+00  1.223298E+00  1.265797E+00  1.502341E+00
  2.420000E+01  1.227261E+00  1.223734E+00  1.266799E+00  1.501816E+00
  2.440000E+01  1.227118E+00  1.223833E+00  1.266950E+00  1.504142E+00
  2.460000E+01  1.227131E+00  1.223920E+00  1.267555E+00  1.504777E+00
  2.480000E+01  1.227566E+00  1.224837E+00  1.268568E+00  1.507463E+00
  2.500000E+01  1.227199E+00  1.225061E+00  1.268628E+00  1.508022E+00
  2.520000E+01  1.226734E+00  1.225509E+00  1.269531E+00  1.507617E+00
  2.540000E+01  1.226277E+00  1.225251E+00  1.270093E+00  1.506639E+00
  2.560000E+01  1.226100E+00  1.225581E+00  1.269905E+00  1.510709E+00
  2.580000E+01  1.226319E+00  1.225724E+00  1.271205E+00  1.507432E+00
  2.600000E+01  1.226089E+00  1.225564E+00  1.272753E+00  1.507985E+00
  2.620000E+01  1.225788E+00  1.226120E+00  1.272935E+00  1.506643E+00
  2.640000E+01  1.225407E+00  1.226403E+00  1.273211E+00  1.506625E+00
  2.660000E+01  1.225191E+00  1.226306E+00  1.274082E+00  1.503269E+00
  2.680000E+01  1.225150E+00  1.226322E+00  1.274730E+00  1.507849E+00
  2.700000E+01  1.225074E+00  1.226674E+00  1.275204E+00  1.505321E+00
  2.720000E+01  1.225517E+00  1.226673E+00  1.275003E+00  1.505117E+00
  2.740000E+01  1.225733E+00  1.226829E+00  1.275925E+00  1.508921E+00
  2.760000E+01  1.225927E+00  1.227240E+00  1.276190E+00  1.511211E+00
  2.780000E+01  1.225800E+00  1.227521E+00  1.275868E+00  1.510559E+00
  2.800000E+01  1.225856E+00  1.227695E+00  1.277212E+00  1.511608E+00
  2.820000E+01  1.225602E+00  1.227587E+00  1.276778E+00  1.516694E+00
  2.840000E+01  1.225383E+00  1.227622E+00  1.277445E+00  1.516161E+00
  2.860000E+01  1.225320E+00  1.227708E+00  1.278060E+00  1.518674E+00
  2.880000E+01  1.225162E+00  1.227470E+00  1.278069E+00  1.520079E+00
  2.900000E+01  1.224688E+00  1.227606E+00  1.277693E+00  1.520345E+00
  2.920000E+01  1.224913E+00  1.227961E+00  1.277956E+00  1.519921E+00
  2.940000E+01  1.224693E+00  1.228147E+00  1.278432E+00  1.516853E+00
  2.960000E+01  1.224596E+00  1.228641E+00  1.277862E+00  1.517212E+00
  2.980000E+01  1.224559E+00  1.228437E+00  1.278530E+00  1.521665E+00
  3.000000E+01  1.224623E+00  1.228369E+00  1.279135E+00  1.522313E+00
  2.000000E-01  1.205858E+00  1.220469E+00  1.253922E+00  0.000000E+00
  4.000000E-01  1.205972E+00  1.220469E+00  1.254395E+00  0.000000E+00
  6.000000E-01  1.205924E+00  1.220498E+00  1.254361E+00  0.000000E+00
  8.000000E-01  1.206065E+00  1.220489E+00  1.254603E+00  0.000000E+00
  1.000000E+00  1.206326E+00  1.220580E+00  1.254854E+00  0.000000E+00
  1.200000E+00  1.206562E+00  1.220549E+00  1.255108E+00  0.000000E+00
  1.400000E+00  1.206766E+00  1.220462E+00  1.255141E+00  0.000000E+00
  1.600000E+00  1.206825E+00  1.220498E+00  1.255195E+00  0.000000E+00
  1.800000E+00  1.206935E+00  1.220453E+00  1.255527E+00  0.000000E+00
  2.000000E+00  1.206908E+00  1.220397E+00  1.256076E+00  0.000000E+00
  2.200000E+00  1.206918E+00  1.220385E+00  1.255873E+00  0.000000E+00
  2.400000E+00  1.207314E+00  1.220406E+00  1.256076E+00  0.000000E+00
  2.600000E+00  1.207200E+00  1.220448E+00  1.256175E+00  0.000000E+00
  2.800000E+00  1.207384E+00  1.220413E+00  1.256185E+00  0.000000E+00
  3.000000E+00  1.207432E+00  1.220425E+00  1.256288E+00  0.000000E+00
  3.200000E+00  1.207606E+00  1.220445E+00  1.256334E+00  0.000000E+00
  3.400000E+00  1.207724E+00  1.220466E+00  1.256404E+00  0.000000E+00
  3.600000E+00  1.207780E+00  1.220383E+00  1.256419E+00  0.000000E+00
  3.800000E+00  1.208213E+00  1.220365E+00  1.256194E+00  0.000000E+00
  4.000000E+00  1.208370E+00  1.220469E+00  1.256534E+00  0.000000E+00
  4.200000E+00  1.208682E+00  1.220458E+00  1.256904E+00  1.000000E+00
  4.400000E+00  1.208491E+00  1.220331E+00  1.256845E+00  1.000000E+00
  4.600000E+00  1.208760E+00  1.220237E+00  1.256669E+00  1.000000E+00
  4.800000E+00  1.209194E+00  1.220242E+00  1.256973E+00  1.000000E+00
  5.000000E+00  1.209653E+00  1.220181E+00  1.256932E+00  1.142857E+00
  5.200000E+00  1.209839E+00  1.220218E+00  1.256692E+00  1.250000E+00
  5.400000E+00  1.210141E+00  1.220302E+00  1.256890E+00  1.545455E+00
  5.600000E+00  1.210304E+00  1.220350E+00  1.256695E+00  1.666667E+00
  5.800000E+00  1.210872E+00  1.220351E+00  1.256161E+00  1.500000E+00
  6.000000E+00  1.211101E+00  1.220366E+00  1.255734E+00  1.611111E+00
  6.200000E+00  1.211608E+00  1.220374E+00  1.255293E+00  1.666667E+00
  6.400000E+00  1.211841E+00  1.220396E+00  1.255270E+00  1.652174E+00
  6.600000E+00  1.212303E+00  1.220380E+00  1.254723E+00  1.633333E+00
  6.800000E+00  1.212367E+00  1.220422E+00  1.253853E+00  1.538462E+00
  7.000000E+00  1.212571E+00  1.220463E+00  1.253238E+00  1.571429E+00
  7.200000E+00  1.213011E+00  1.220269E+00  1.252596E+00  1.533333E+00
  7.400000E+00  1.213485E+00  1.220368E+00  1.252900E+00  1.560606E+00
  7.600000E+00  1.213506E+00  1.220512E+00  1.252665E+00  1.530864E+00
  7.800000E+00  1.213479E+00  1.220589E+00  1.251388E+00  1.544554E+00
  8.000000E+00  1.213781E+00  1.220533E+00  1.250801E+00  1.500000E+00
  8.200000E+00  1.214304E+00  1.220467E+00  1.250077E+00  1.532895E+00
  8.400000E+00  1.214888E+00  1.220546E+00  1.249919E+00  1.534091E+00
  8.600000E+00  1.215223E+00  1.220573E+00  1.248891E+00  1.564767E+00
  8.800000E+00  1.215536E+00  1.220610E+00  1.248097E+00  1.567686E+00
  9.000000E+00  1.216111E+00  1.220640E+00  1.247924E+00  1.521739E+00
  9.200000E+00  1.216414E+00  1.220681E+00  1.247397E+00  1.538700E+00
  9.400000E+00  1.216914E+00  1.220925E+00  1.247349E+00  1.491566E+00
  9.600000E+00  1.217437E+00  1.220991E+00  1.247202E+00  1.488576E+00
  9.800000E+00  1.217741E+00  1.221226E+00  1.246679E+00  1.490933E+00
  1.000000E+01  1.218266E+00  1.221311E+00  1.245954E+00  1.504274E+00
  1.020000E+01  1.219017E+00  1.221685E+00  1.246116E+00  1.474182E+00
  1.040000E+01  1.220068E+00  1.222488E+00  1.247154E+00  1.475688E+00
  1.060000E+01  1.220632E+00  1.222745E+00  1.247360E+00  1.506988E+00
  1.080000E+01  1.221802E+00  1.223357E+00  1.247808E+00  1.500202E+00
  1.100000E+01  1.222665E+00  1.223853E+00  1.248446E+00  1.498259E+00
  1.120000E+01  1.223186E+00  1.224021E+00  1.248737E+00  1.494925E+00
  1.140000E+01  1.223503E+00  1.224040E+00  1.248743E+00  1.484103E+00
  1.160000E+01  1.223545E+00  1.223650E+00  1.248876E+00  1.489567E+00
  1.180000E+01  1.224212E+00  1.223853E+00  1.249596E+00  1.478788E+00
  1.200000E+01  1.223770E+00  1.223219E+00  1.249386E+00  1.469969E+00
  1.220000E+01  1.224013E+00  1.222909E+00  1.248772E+00  1.483905E+00
  1.240000E+01  1.224178E+00  1.222826E+00  1.249382E+00  1.478131E+00
  1.260000E+01  1.223936E+00  1.222467E+00  1.248527E+00  1.480100E+00
  1.280000E+01  1.224274E+00  1.222270E+00  1.248497E+00  1.468338E+00
  1.300000E+01  1.224671E+00  1.222028E+00  1.248640E+00  1.459279E+00
  1.320000E+01  1.224570E+00  1.221686E+00  1.248478E+00  1.453390E+00
  1.340000E+01  1.225384E+00  1.221926E+00  1.248620E+00  1.435401E+00
  1.360000E+01  1.225400E+00  1.221555E+00  1.248363E+00  1.442826E+00
  1.380000E+01  1.225543E+00  1.221449E+00  1.248923E+00  1.455276E+00
  1.400000E+01  1.225884E+00  1.221906E+00  1.248816E+00  1.443347E+00
  1.420000E+01  1.225785E+00  1.221483E+00  1.248301E+00  1.441910E+00
  1.440000E+01  1.225797E+00  1.221012E+00  1.247735E+00  1.437971E+00
  1.460000E+01  1.225949E+00  1.221011E+00  1.248247E+00  1.454882E+00
  1.480000E+01  1.226016E+00  1.220768E+00  1.248087E+00  1.460705E+00
  1.500000E+01  1.225909E+00  1.220318E+00  1.248544E+00  1.463010E+00
  1.520000E+01  1.226504E+00  1.220663E+00  1.248443E+00  1.452871E+00
  1.540000E+01  1.225699E+00  1.219956E+00  1.247068E+00  1.458126E+00
  1.560000E+01  1.224386E+00  1.218646E+00  1.246911E+00  1.462446E+00
  1.580000E+01  1.225522E+00  1.219543E+00  1.246926E+00  1.468052E+00
  1.600000E+01  1.224420E+00  1.218333E+00  1.246544E+00  1.466615E+00
  1.620000E+01  1.224522E+00  1.218319E+00  1.246532E+00  1.472435E+00
  1.640000E+01  1.224382E+00  1.218163E+00  1.246042E+00  1.475136E+00
  1.660000E+01  1.224198E+00  1.217838E+00  1.245402E+00  1.484422E+00
  1.680000E+01  1.223795E+00  1.217008E+00  1.245466E+00  1.484119E+00
  1.700000E+01  1.223074E+00  1.216483E+00  1.245458E+00  1.481248E+00
  1.720000E+01  1.222842E+00  1.216243E+00  1.245157E+00  1.477364E+00
  1.740000E+01  1.222893E+00  1.216300E+00  1.244830E+00  1.487221E+00
  1.760000E+01  1.222681E+00  1.216201E+00  1.243838E+00  1.484294E+00
  1.780000E+01  1.222951E+00  1.216654E+00  1.244511E+00  1.484113E+00
  1.800000E+01  1.223095E+00  1.216866E+00  1.245339E+00  1.494045E+00
  1.820000E+01  1.222974E+00  1.216823E+00  1.244940E+00  1.500147E+00
  1.840000E+01  1.222802E+00  1.216693E+00  1.244910E+00  1.499563E+00
  1.860000E+01  1.222674E+00  1.216516E+00  1.245096E+00  1.501809E+00
  1.880000E+01  1.222635E+00  1.216905E+00  1.245293E+00  1.499712E+00
  1.900000E+01  1.221990E+00  1.216465E+00  1.244876E+00  1.493501E+00
  1.920000E+01  1.222212E+00  1.217011E+00  1.245171E+00  1.497866E+00
  1.940000E+01  1.222496E+00  1.217433E+00  1.246334E+00  1.496737E+00
  1.960000E+01  1.223264E+00  1.217593E+00  1.246653E+00  1.497522E+00
  1.980000E+01  1.223216E+00  1.217541E+00  1.247112E+00  1.497114E+00
  2.000000E+01  1.223925E+00  1.218072E+00  1.246667E+00  1.498951E+00
  2.020000E+01  1.224558E+00  1.218325E+00  1.247652E+00  1.494033E+00
  2.040000E+01  1.224510E+00  1.218491E+00  1.248054E+00  1.493571E+00
  2.060000E+01  1.224104E+00  1.218689E+00  1.247873E+00  1.501035E+00
  2.080000E+01  1.223943E+00  1.218619E+00  1.248362E+00  1.499588E+00
  2.100000E+01  1.223648E+00  1.218348E+00  1.249311E+00  1.500409E+00
  2.120000E+01  1.223570E+00  1.218741E+00  1.250338E+00  1.501631E+00
  2.140000E+01  1.223660E+00  1.218696E+00  1.251364E+00  1.500813E+00
  2.160000E+01  1.224211E+00  1.219289E+00  1.252300E+00  1.505686E+00
  2.180000E+01  1.224867E+00  1.219937E+00  1.252514E+00  1.507276E+00
  2.200000E+01  1.224769E+00  1.220241E+00  1.253307E+00  1.507581E+00
  2.220000E+01  1.224630E+00  1.220539E+00  1.253917E+00  1.503938E+00
  2.240000E+01  1.224568E+00  1.220656E+00  1.255141E+00  1.505730E+00
  2.260000E+01  1.224996E+00  1.220917E+00  1.255162E+00  1.510540E+00
  2.280000E+01  1.225398E+00  1.221617E+00  1.256321E+00  1.510621E+00
  2.300000E+01  1.225107E+00  1.221918E+00  1.256613E+00  1.510389E+00
  2.320000E+01  1.225388E+00  1.222250E+00  1.256759E+00  1.509966E+00
  2.340000E+01  1.225864E+00  1.222630E+00  1.257702E+00  1.501301E+00
  2.360000E+01  1.225725E+00  1.222983E+00  1.258533E+00  1.501622E+00
  2.380000E+01  1.226009E+00  1.223344E+00  1.259721E+00  1.502847E+00
  2.400000E+01  1.225520E+00  1.223867E+00  1.260713E+00  1.506313E+00
  2.420000E+01  1.226419E+00  1.224224E+00  1.261680E+00  1.503850E+00
  2.440000E+01  1.226533E+00  1.224166E+00  1.262953E+00  1.507817E+00
  2.460000E+01  1.227117E+00  1.225005E+00  1.263568E+00  1.506578E+00
  2.480000E+01  1.226950E+00  1.224893E+00  1.264886E+00  1.504460E+00
  2.500000E+01  1.226168E+00  1.224974E+00  1.265007E+00  1.501840E+00
  2.520000E+01  1.226504E+00  1.225314E+00  1.264875E+00  1.499684E+00
  2.540000E+01  1.226852E+00  1.225815E+00  1.266065E+00  1.500253E+00
  2.560000E+01  1.226541E+00  1.225910E+00  1.265516E+00  1.499183E+00
  2.580000E+01  1.227077E+00  1.226682E+00  1.266244E+00  1.500377E+00
  2.600000E+01  1.227567E+00  1.226910E+00  1.267903E+00  1.497563E+00
  2.620000E+01  1.227114E+00  1.226749E+00  1.268518E+00  1.496821E+00
  2.640000E+01  1.226982E+00  1.227031E+00  1.268805E+00  1.493789E+00
  2.660000E+01  1.227103E+00  1.227430E+00  1.269250E+00  1.492571E+00
  2.680000E+01  1.227159E+00  1.227332E+00  1.269254E+00  1.492395E+00
  2.700000E+01  1.227579E+00  1.227503E+00  1.269671E+00  1.495553E+00
  2.720000E+01  1.228249E+00  1.227842E+00  1.270719E+00  1.495686E+00
  2.740000E+01  1.227853E+00  1.227837E+00  1.270573E+00  1.494899E+00
  2.760000E+01  1.227751E+00  1.227755E+00  1.270792E+00  1.492223E+00
  2.780000E+01  1.227335E+00  1.227913E+00  1.270620E+00  1.494008E+00
  2.800000E+01  1.227337E+00  1.228109E+00  1.270947E+00  1.493530E+00
  2.820000E+01  1.226919E+00  1.227611E+00  1.271135E+00  1.490208E+00
  2.840000E+01  1.227006E+00  1.227972E+00  1.271832E+00  1.490470E+00
  2.860000E+01  1.226896E+00  1.228181E+00  1.272605E+00  1.493938E+00
  2.880000E+01  1.226322E+00  1.228480E+00  1.272752E+00  1.496908E+00
  2.900000E+01  1.225990E+00  1.228376E+00  1.273250E+00  1.498608E+00
  2.920000E+01  1.225641E+00  1.228449E+00  1.273287E+00  1.498430E+00
  2.940000E+01  1.225095E+00  1.228729E+00  1.273251E+00  1.499397E+00
  2.960000E+01  1.225047E+00  1.228598E+00  1.274209E+00  1.500181E+00
  2.980000E+01  1.225019E+00  1.228061E+00  1.274147E+00  1.499699E+00
  3.000000E+01  1.224941E+00  1.228354E+00  1.275615E+00  1.499760E+00
  2.000000E-01  1.206810E+00  1.220442E+00  1.253479E+00  0.000000E+00
  4.000000E-01  1.206793E+00  1.220367E+00  1.253792E+00  0.000000E+00
  6.000000E-01  1.206393E+00  1.220290E+00  1.253890E+00  0.000000E+00
  8.000000E-01  1.206465E+00  1.220345E+00  1.254316E+00  0.000000E+00
  1.000000E+00  1.206464E+00  1.220342E+00  1.254111E+00  0.000000E+00
  1.200000E+00  1.206656E+00  1.220343E+00  1.254427E+00  0.000000E+00
  1.400000E+00  1.206902E+00  1.220299E+00  1.254737E+00  0.000000E+00
  1.600000E+00  1.206914E+00  1.220272E+00  1.254789E+00  0.000000E+00
  1.800000E+00  1.206928E+00  1.220222E+00  1.254884E+00  0.000000E+00
  2.000000E+00  1.206894E+00  1.220235E+00  1.255143E+00  0.000000E+00
  2.200000E+00  1.207245E+00  1.220282E+00  1.255432E+00  0.000000E+00
  2.400000E+00  1.207515E+00  1.220261E+00  1.255333E+00  0.000000E+00
  2.600000E+00  1.207669E+00  1.220248E+00  1.255635E+00  0.000000E+00
  2.800000E+00  1.207656E+00  1.220223E+00  1.255615E+00  0.000000E+00
  3.000000E+00  1.207724E+00  1.220225E+00  1.255743E+00  0.000000E+00
  3.200000E+00  1.207711E+00  1.220235E+00  1.255576E+00  0.000000E+00
  3.400000E+00  1.207861E+00  1.220247E+00  1.255554E+00  0.000000E+00
  3.600000E+00  1.208248E+00  1.220309E+00  1.255839E+00  0.000000E+00
  3.800000E+00  1.208574E+00  1.220267E+00  1.255876E+00  0.000000E+00
  4.000000E+00  1.208573E+00  1.220265E+00  1.255867E+00  0.000000E+00
  4.200000E+00  1.208975E+00  1.220238E+00  1.256281E+00  0.000000E+00
  4.400000E+00  1.209277E+00  1.220192E+00  1.256633E+00  0.000000E+00
  4.600000E+00  1.209658E+00  1.220199E+00  1.256937E+00  2.500000E+00
  4.800000E+00  1.209688E+00  1.220223E+00  1.256612E+00  3.000000E+00
  5.000000E+00  1.209835E+00  1.220198E+00  1.256446E+00  3.000000E+00
  5.200000E+00  1.210132E+00  1.220198E+00  1.256543E+00  4.000000E+00
  5.400000E+00  1.210148E+00  1.220136E+00  1.256337E+00  4.000000E+00
  5.600000E+00  1.210733E+00  1.220197E+00  1.255853E+00  5.000000E+00
  5.800000E+00  1.211170E+00  1.220208E+00  1.255549E+00  5.500000E+00
  6.000000E+00  1.211726E+00  1.220104E+00  1.255224E+00  4.000000E+00
  6.200000E+00  1.212256E+00  1.220015E+00  1.255212E+00  2.300000E+00
  6.400000E+00  1.212722E+00  1.219979E+00  1.254919E+00  1.866667E+00
  6.600000E+00  1.213014E+00  1.220000E+00  1.254205E+00  1.800000E+00
  6.800000E+00  1.213391E+00  1.220040E+00  1.253749E+00  1.700000E+00
  7.000000E+00  1.213855E+00  1.219999E+00  1.252798E+00  1.736842E+00
  7.200000E+00  1.214018E+00  1.219903E+00  1.252695E+00  1.734694E+00
  7.400000E+00  1.214257E+00  1.219921E+00  1.251624E+00  1.761905E+00
  7.600000E+00  1.214394E+00  1.219995E+00  1.250978E+00  1.685714E+00
  7.800000E+00  1.214838E+00  1.220005E+00  1.250692E+00  1.597826E+00
  8.000000E+00  1.215088E+00  1.220037E+00  1.250392E+00  1.558559E+00
  8.200000E+00  1.215691E+00  1.220183E+00  1.250055E+00  1.563492E+00
  8.400000E+00  1.216143E+00  1.220148E+00  1.249696E+00  1.577465E+00
  8.600000E+00  1.216505E+00  1.219998E+00  1.249451E+00  1.639241E+00
  8.800000E+00  1.216775E+00  1.220077E+00  1.249236E+00  1.602151E+00
  9.000000E+00  1.217195E+00  1.220057E+00  1.248916E+00  1.638009E+00
  9.200000E+00  1.217382E+00  1.220245E+00  1.248092E+00  1.624549E+00
  9.400000E+00  1.217597E+00  1.220306E+00  1.247379E+00  1.642229E+00
  9.600000E+00  1.218070E+00  1.220516E+00  1.246816E+00  1.574786E+00
  9.800000E+00  1.218455E+00  1.220858E+00  1.246951E+00  1.560117E+00
  1.000000E+01  1.219626E+00  1.221468E+00  1.247204E+00  1.533609E+00
  1.020000E+01  1.220605E+00  1.222086E+00  1.247942E+00  1.521268E+00
  1.040000E+01  1.221571E+00  1.222489E+00  1.248390E+00  1.505631E+00
  1.060000E+01  1.222042E+00  1.222725E+00  1.248230E+00  1.497367E+00
  1.080000E+01  1.222428E+00  1.222583E+00  1.248062E+00  1.515472E+00
  1.100000E+01  1.222791E+00  1.222573E+00  1.247793E+00  1.507415E+00
  1.120000E+01  1.223175E+00  1.222583E+00  1.249064E+00  1.509303E+00
  1.140000E+01  1.223120E+00  1.222472E+00  1.248814E+00  1.524707E+00
  1.160000E+01  1.223724E+00  1.222852E+00  1.249186E+00  1.510156E+00
  1.180000E+01  1.223803E+00  1.222838E+00  1.249145E+00  1.502526E+00
  1.200000E+01  1.224584E+00  1.223112E+00  1.249092E+00  1.510840E+00
  1.220000E+01  1.224472E+00  1.222933E+00  1.249179E+00  1.505970E+00
  1.240000E+01  1.225054E+00  1.223147E+00  1.249563E+00  1.513657E+00
  1.260000E+01  1.225468E+00  1.222876E+00  1.249274E+00  1.523744E+00
  1.280000E+01  1.224778E+00  1.222163E+00  1.248931E+00  1.527210E+00
  1.300000E+01  1.224925E+00  1.221919E+00  1.248683E+00  1.529532E+00
  1.320000E+01  1.224639E+00  1.221373E+00  1.249067E+00  1.522934E+00
  1.340000E+01  1.224976E+00  1.221616E+00  1.248751E+00  1.507891E+00
  1.360000E+01  1.224813E+00  1.221284E+00  1.248684E+00  1.493776E+00
  1.380000E+01  1.225084E+00  1.221056E+00  1.248527E+00  1.485064E+00
  1.400000E+01  1.225058E+00  1.220810E+00  1.248973E+00  1.481972E+00
  1.420000E+01  1.224627E+00  1.220155E+00  1.248403E+00  1.486590E+00
  1.440000E+01  1.224588E+00  1.219917E+00  1.248073E+00  1.467566E+00
  1.460000E+01  1.224152E+00  1.219164E+00  1.246634E+00  1.472636E+00
  1.480000E+01  1.224510E+00  1.219272E+00  1.246766E+00  1.465985E+00
  1.500000E+01  1.224022E+00  1.218323E+00  1.246498E+00  1.465594E+00
  1.520000E+01  1.224377E+00  1.218492E+00  1.247064E+00  1.466350E+00
  1.540000E+01  1.224100E+00  1.218284E+00  1.247301E+00  1.468092E+00
  1.560000E+01  1.223606E+00  1.218109E+00  1.247414E+00  1.467962E+00
  1.580000E+01  1.223513E+00  1.217837E+00  1.247224E+00  1.467374E+00
  1.600000E+01  1.223418E+00  1.217427E+00  1.246976E+00  1.454531E+00
  1.620000E+01  1.222685E+00  1.216808E+00  1.246958E+00  1.453421E+00
  1.640000E+01  1.222308E+00  1.216488E+00  1.246256E+00  1.449433E+00
  1.660000E+01  1.221952E+00  1.216672E+00  1.247064E+00  1.450406E+00
  1.680000E+01  1.222128E+00  1.217073E+00  1.246789E+00  1.446999E+00
  1.700000E+01  1.223293E+00  1.217911E+00  1.247265E+00  1.458980E+00
  1.720000E+01  1.223052E+00  1.217685E+00  1.246809E+00  1.467860E+00
  1.740000E+01  1.222853E+00  1.217129E+00  1.246431E+00  1.465479E+00
  1.760000E+01  1.223198E+00  1.217081E+00  1.245698E+00  1.468681E+00
  1.780000E+01  1.223264E+00  1.216961E+00  1.245720E+00  1.480468E+00
  1.800000E+01  1.223396E+00  1.216893E+00  1.246997E+00  1.486510E+00
  1.820000E+01  1.223835E+00  1.217027E+00  1.247700E+00  1.482900E+00
  1.840000E+01  1.224080E+00  1.217164E+00  1.248136E+00  1.476426E+00
  1.860000E+01  1.223757E+00  1.216860E+00  1.247372E+00  1.480296E+00
  1.880000E+01  1.224118E+00  1.217292E+00  1.247197E+00  1.483992E+00
  1.900000E+01  1.223818E+00  1.217241E+00  1.247063E+00  1.483165E+00
  1.920000E+01  1.223354E+00  1.216790E+00  1.246865E+00  1.476925E+00
  1.940000E+01  1.223009E+00  1.216624E+00  1.246468E+00  1.470221E+00
  1.960000E+01  1.223175E+00  1.216692E+00  1.246673E+00  1.465709E+00
  1.980000E+01  1.223098E+00  1.216662E+00  1.246323E+00  1.473055E+00
  2.000000E+01  1.223380E+00  1.216837E+00  1.246663E+00  1.462739E+00
  2.020000E+01  1.223678E+00  1.217110E+00  1.247552E+00  1.462927E+00
  2.040000E+01  1.223889E+00  1.217619E+00  1.247936E+00  1.464538E+00
  2.060000E+01  1.224420E+00  1.218236E+00  1.248875E+00  1.467757E+00
  2.080000E+01  1.225033E+00  1.218683E+00  1.249879E+00  1.463120E+00
  2.100000E+01  1.225353E+00  1.219323E+00  1.250284E+00  1.468042E+00
  2.120000E+01  1.225543E+00  1.219643E+00  1.250314E+00  1.475976E+00
  2.140000E+01  1.225647E+00  1.219625E+00  1.250636E+00  1.473784E+00
  2.160000E+01  1.225211E+00  1.219575E+00  1.251631E+00  1.473335E+00
  2.180000E+01  1.225108E+00  1.219820E+00  1.251683E+00  1.479459E+00
  2.200000E+01  1.225345E+00  1.219788E+00  1.252752E+00  1.473480E+00
  2.220000E+01  1.225002E+00  1.219641E+00  1.253331E+00  1.472200E+00
  2.240000E+01  1.225512E+00  1.219839E+00  1.254118E+00  1.473698E+00
  2.260000E+01  1.225500E+00  1.220062E+00  1.254903E+00  1.478937E+00
  2.280000E+01  1.225893E+00  1.220612E+00  1.255088E+00  1.478623E+00
  2.300000E+01  1.226392E+00  1.221207E+00  1.255805E+00  1.481604E+00
  2.320000E+01  1.225794E+00  1.220638E+00  1.256187E+00  1.486383E+00
  2.340000E+01  1.225895E+00  1.220868E+00  1.257306E+00  1.484872E+00
  2.360000E+01  1.225921E+00  1.221599E+00  1.257916E+00  1.485319E+00
  2.380000E+01  1.225839E+00  1.221696E+00  1.258786E+00  1.484781E+00
  2.400000E+01  1.226319E+00  1.222113E+00  1.259146E+00  1.487811E+00
  2.420000E+01  1.226235E+00  1.222433E+00  1.260212E+00  1.490173E+00
  2.440000E+01  1.226572E+00  1.222745E+00  1.261689E+00  1.496441E+00
  2.460000E+01  1.226416E+00  1.222938E+00  1.262504E+00  1.499355E+00
  2.480000E+01  1.226224E+00  1.222966E+00  1.263365E+00  1.500964E+00
  2.500000E+01  1.225709E+00  1.223153E+00  1.263644E+00  1.502116E+00
  2.520000E+01  1.225960E+00  1.223804E+00  1.264366E+00  1.503133E+00
  2.540000E+01  1.225397E+00  1.223823E+00  1.264383E+00  1.505875E+00
  2.560000E+01  1.225120E+00  1.223547E+00  1.264976E+00  1.506374E+00
  2.580000E+01  1.225037E+00  1.223474E+00  1.265785E+00  1.508197E+00
  2.600000E+01  1.224993E+00  1.223759E+00  1.266328E+00  1.511162E+00
  2.620000E+01  1.225123E+00  1.223785E+00  1.266054E+00  1.517665E+00
  2.640000E+01  1.224964E+00  1.223960E+00  1.266226E+00  1.517180E+00
  2.660000E+01  1.224799E+00  1.223923E+00  1.266474E+00  1.520904E+00
  2.680000E+01  1.224697E+00  1.224173E+00  1.267058E+00  1.519340E+00
  2.700000E+01  1.224270E+00  1.223862E+00  1.267244E+00  1.518598E+00
  2.720000E+01  1.224276E+00  1.224388E+00  1.268521E+00  1.521652E+00
  2.740000E+01  1.224428E+00  1.224195E+00  1.268136E+00  1.522044E+00
  2.760000E+01  1.223601E+00  1.224209E+00  1.268583E+00  1.522174E+00
  2.780000E+01  1.224160E+00  1.224087E+00  1.269369E+00  1.523780E+00
  2.800000E+01  1.224662E+00  1.224708E+00  1.269292E+00  1.527754E+00
  2.820000E+01  1.224710E+00  1.225087E+00  1.270450E+00  1.529946E+00
  2.840000E+01  1.224739E+00  1.224863E+00  1.270132E+00  1.530516E+00
  2.860000E+01  1.224998E+00  1.225130E+00  1.270564E+00  1.530916E+00
  2.880000E+01  1.224744E+00  1.225480E+00  1.270437E+00  1.531664E+00
  2.900000E+01  1.225035E+00  1.225226E+00  1.270494E+00  1.529921E+00
  2.920000E+01  1.224945E+00  1.225262E+00  1.271531E+00  1.531678E+00
  2.940000E+01  1.224488E+00  1.225072E+00  1.271967E+00  1.533506E+00
  2.960000E+01  1.224269E+00  1.225117E+00  1.272788E+00  1.532997E+00
  2.980000E+01  1.224230E+00  1.225392E+00  1.273291E+00  1.534678E+00
  3.000000E+01  1.224263E+00  1.225567E+00  1.273441E+00  1.533939E+00
  2.000000E-01  1.208518E+00  1.221162E+00  1.253094E+00  0.000000E+00
  4.000000E-01  1.208632E+00  1.221134E+00  1.253697E+00  0.000000E+00
  6.000000E-01  1.208489E+00  1.221137E+00  1.254180E+00  0.000000E+00
  8.000000E-01  1.208637E+00  1.221136E+00  1.254317E+00  0.000000E+00
  1.000000E+00  1.208648E+00  1.221165E+00  1.254674E+00  0.000000E+00
  1.200000E+00  1.208465E+00  1.221144E+00  1.254911E+00  0.000000E+00
  1.400000E+00  1.208636E+00  1.221111E+00  1.255149E+00  0.000000E+00
  1.600000E+00  1.208587E+00  1.221144E+00  1.255352E+00  0.000000E+00
  1.800000E+00  1.208814E+00  1.221122E+00  1.255857E+00  0.000000E+00
  2.000000E+00  1.208995E+00  1.221080E+00  1.256164E+00  0.000000E+00
  2.200000E+00  1.209008E+00  1.221097E+00  1.256186E+00  0.000000E+00
  2.400000E+00  1.209256E+00  1.221130E+00  1.256650E+00  0.000000E+00
  2.600000E+00  1.209597E+00  1.221191E+00  1.256887E+00  0.000000E+00
  2.800000E+00  1.210085E+00  1.221151E+00  1.256514E+00  0.000000E+00
  3.000000E+00  1.210068E+00  1.221113E+00  1.256637E+00  0.000000E+00
  3.200000E+00  1.210228E+00  1.221078E+00  1.256565E+00  0.000000E+00
  3.400000E+00  1.210528E+00  1.221103E+00  1.256439E+00  0.000000E+00
  3.600000E+00  1.210559E+00  1.221073E+00  1.256433E+00  0.000000E+00
  3.800000E+00  1.210678E+00  1.221059E+00  1.256760E+00  0.000000E+00
  4.000000E+00  1.211099E+00  1.221139E+00  1.256961E+00  0.000000E+00
  4.200000E+00  1.211119E+00  1.221154E+00  1.257166E+00  2.000000E+00
  4.400000E+00  1.211316E+00  1.221198E+00  1.257400E+00  2.000000E+00
  4.600000E+00  1.211418E+00  1.221221E+00  1.257395E+00  1.750000E+00
  4.800000E+00  1.211512E+00  1.221261E+00  1.256997E+00  1.600000E+00
  5.000000E+00  1.211810E+00  1.221203E+00  1.257002E+00  1.571429E+00
  5.200000E+00  1.212298E+00  1.221190E+00  1.256596E+00  1.571429E+00
  5.400000E+00  1.212326E+00  1.221121E+00  1.256597E+00  1.750000E+00
  5.600000E+00  1.212701E+00  1.221084E+00  1.256745E+00  1.900000E+00
  5.800000E+00  1.213008E+00  1.221094E+00  1.256610E+00  1.909091E+00
  6.000000E+00  1.213721E+00  1.221008E+00  1.256144E+00  1.875000E+00
  6.200000E+00  1.213999E+00  1.221072E+00  1.256081E+00  1.789474E+00
  6.400000E+00  1.214247E+00  1.221068E+00  1.255696E+00  1.840000E+00
  6.600000E+00  1.214670E+00  1.221142E+00  1.255633E+00  1.741935E+00
  6.800000E+00  1.214855E+00  1.221227E+00  1.255203E+00  1.945946E+00
  7.000000E+00  1.215275E+00  1.221324E+00  1.254976E+00  1.901961E+00
  7.200000E+00  1.215446E+00  1.221321E+00  1.254085E+00  1.836066E+00
  7.400000E+00  1.215682E+00  1.221312E+00  1.253085E+00  1.723684E+00
  7.600000E+00  1.215780E+00  1.221339E+00  1.252378E+00  1.696629E+00
  7.800000E+00  1.216021E+00  1.221277E+00  1.251765E+00  1.621622E+00
  8.000000E+00  1.216182E+00  1.221331E+00  1.250996E+00  1.650794E+00
  8.200000E+00  1.216428E+00  1.221220E+00  1.251140E+00  1.648649E+00
  8.400000E+00  1.216611E+00  1.221260E+00  1.250319E+00  1.638554E+00
  8.600000E+00  1.216789E+00  1.221421E+00  1.249913E+00  1.651282E+00
  8.800000E+00  1.217091E+00  1.221569E+00  1.249452E+00  1.649770E+00
  9.000000E+00  1.217652E+00  1.221548E+00  1.248970E+00  1.589147E+00
  9.200000E+00  1.218175E+00  1.221638E+00  1.248395E+00  1.566978E+00
  9.400000E+00  1.218699E+00  1.221766E+00  1.248200E+00  1.566667E+00
  9.600000E+00  1.218808E+00  1.221839E+00  1.247512E+00  1.582117E+00
  9.800000E+00  1.219468E+00  1.222242E+00  1.247437E+00  1.555108E+00
  1.000000E+01  1.219912E+00  1.222496E+00  1.247349E+00  1.561523E+00
  1.020000E+01  1.220275E+00  1.222696E+00  1.246999E+00  1.548180E+00
  1.040000E+01  1.221012E+00  1.223119E+00  1.247405E+00  1.555748E+00
  1.060000E+01  1.221964E+00  1.223684E+00  1.248170E+00  1.550287E+00
  1.080000E+01  1.222548E+00  1.223846E+00  1.248174E+00  1.517446E+00
  1.100000E+01  1.222996E+00  1.223977E+00  1.248045E+00  1.518097E+00
  1.120000E+01  1.222974E+00  1.223700E+00  1.248286E+00  1.529775E+00
  1.140000E+01  1.223119E+00  1.223515E+00  1.248396E+00  1.533408E+00
  1.160000E+01  1.223463E+00  1.223756E+00  1.248345E+00  1.540603E+00
  1.180000E+01  1.223532E+00  1.223547E+00  1.248583E+00  1.538869E+00
  1.200000E+01  1.224046E+00  1.223582E+00  1.248357E+00  1.547067E+00
  1.220000E+01  1.225249E+00  1.224339E+00  1.249364E+00  1.552798E+00
  1.240000E+01  1.225361E+00  1.224149E+00  1.249445E+00  1.541007E+00
  1.260000E+01  1.225862E+00  1.224251E+00  1.250082E+00  1.522382E+00
  1.280000E+01  1.226053E+00  1.223877E+00  1.250003E+00  1.521731E+00
  1.300000E+01  1.225698E+00  1.223146E+00  1.250502E+00  1.515686E+00
  1.320000E+01  1.225416E+00  1.223034E+00  1.250775E+00  1.510056E+00
  1.340000E+01  1.226979E+00  1.223740E+00  1.251366E+00  1.513514E+00
  1.360000E+01  1.227207E+00  1.223967E+00  1.251526E+00  1.504188E+00
  1.380000E+01  1.227601E+00  1.224107E+00  1.251377E+00  1.492604E+00
  1.400000E+01  1.228172E+00  1.224317E+00  1.251898E+00  1.487735E+00
  1.420000E+01  1.228503E+00  1.224548E+00  1.251634E+00  1.484161E+00
  1.440000E+01  1.228886E+00  1.224527E+00  1.252187E+00  1.470579E+00
  1.460000E+01  1.228334E+00  1.223771E+00  1.252361E+00  1.479835E+00
  1.480000E+01  1.228189E+00  1.223193E+00  1.251302E+00  1.476723E+00
  1.500000E+01  1.227921E+00  1.222573E+00  1.251935E+00  1.474048E+00
  1.520000E+01  1.228571E+00  1.223028E+00  1.251968E+00  1.471980E+00
  1.540000E+01  1.228119E+00  1.222576E+00  1.252390E+00  1.479949E+00
  1.560000E+01  1.228245E+00  1.222252E+00  1.252559E+00  1.473165E+00
  1.580000E+01  1.228573E+00  1.222278E+00  1.252669E+00  1.453575E+00
  1.600000E+01  1.228935E+00  1.222430E+00  1.253517E+00  1.456405E+00
  1.620000E+01  1.229118E+00  1.222434E+00  1.253788E+00  1.454880E+00
  1.640000E+01  1.229672E+00  1.222889E+00  1.253779E+00  1.455594E+00
  1.660000E+01  1.229665E+00  1.222510E+00  1.253719E+00  1.455272E+00
  1.680000E+01  1.229577E+00  1.222409E+00  1.254003E+00  1.447487E+00
  1.700000E+01  1.229876E+00  1.222678E+00  1.254795E+00  1.460962E+00
  1.720000E+01  1.229670E+00  1.222558E+00  1.254887E+00  1.453750E+00
  1.740000E+01  1.229823E+00  1.222840E+00  1.254792E+00  1.464889E+00
  1.760000E+01  1.230260E+00  1.223175E+00  1.254672E+00  1.464608E+00
  1.780000E+01  1.230469E+00  1.223156E+00  1.254750E+00  1.468101E+00
  1.800000E+01  1.230031E+00  1.222925E+00  1.253760E+00  1.478440E+00
  1.820000E+01  1.230267E+00  1.223216E+00  1.254659E+00  1.478032E+00
  1.840000E+01  1.229863E+00  1.223342E+00  1.255197E+00  1.481422E+00
  1.860000E+01  1.229495E+00  1.222741E+00  1.254823E+00  1.476184E+00
  1.880000E+01  1.228769E+00  1.222200E+00  1.255030E+00  1.470059E+00
  1.900000E+01  1.228902E+00  1.222521E+00  1.255040E+00  1.475620E+00
  1.920000E+01  1.228847E+00  1.222001E+00  1.254908E+00  1.480017E+00
  1.940000E+01  1.228812E+00  1.221755E+00  1.254805E+00  1.484823E+00
  1.960000E+01  1.228878E+00  1.221929E+00  1.255171E+00  1.483506E+00
  1.980000E+01  1.229041E+00  1.222169E+00  1.255676E+00  1.486372E+00
  2.000000E+01  1.229298E+00  1.222805E+00  1.256606E+00  1.479333E+00
  2.020000E+01  1.229316E+00  1.222975E+00  1.256958E+00  1.478394E+00
  2.040000E+01  1.228931E+00  1.223096E+00  1.257744E+00  1.474579E+00
  2.060000E+01  1.228904E+00  1.222791E+00  1.256668E+00  1.473177E+00
  2.080000E+01  1.229078E+00  1.222711E+00  1.257114E+00  1.482929E+00
  2.100000E+01  1.228693E+00  1.222792E+00  1.257812E+00  1.488713E+00
  2.120000E+01  1.229010E+00  1.223336E+00  1.259230E+00  1.490250E+00
  2.140000E+01  1.229255E+00  1.223718E+00  1.259511E+00  1.489771E+00
  2.160000E+01  1.229415E+00  1.223546E+00  1.260330E+00  1.494092E+00
  2.180000E+01  1.230052E+00  1.224132E+00  1.261918E+00  1.494391E+00
  2.200000E+01  1.229717E+00  1.224079E+00  1.262536E+00  1.486566E+00
  2.220000E+01  1.230365E+00  1.224932E+00  1.263164E+00  1.481620E+00
  2.240000E+01  1.230431E+00  1.224617E+00  1.263287E+00  1.480866E+00
  2.260000E+01  1.230800E+00  1.224558E+00  1.263599E+00  1.480355E+00
  2.280000E+01  1.230531E+00  1.224808E+00  1.264016E+00  1.482368E+00
  2.300000E+01  1.230070E+00  1.224714E+00  1.265992E+00  1.479607E+00
  2.320000E+01  1.230012E+00  1.224947E+00  1.266370E+00  1.485995E+00
  2.340000E+01  1.229565E+00  1.224904E+00  1.266481E+00  1.480739E+00
  2.360000E+01  1.229652E+00  1.224416E+00  1.267394E+00  1.482324E+00
  2.380000E+01  1.229648E+00  1.224971E+00  1.267647E+00  1.482263E+00
  2.400000E+01  1.229500E+00  1.224920E+00  1.267757E+00  1.483917E+00
  2.420000E+01  1.229918E+00  1.225174E+00  1.268763E+00  1.484564E+00
  2.440000E+01  1.230146E+00  1.225356E+00  1.270023E+00  1.485685E+00
  2.460000E+01  1.229222E+00  1.225726E+00  1.270598E+00  1.484445E+00
  2.480000E+01  1.229052E+00  1.225799E+00  1.271173E+00  1.488129E+00
  2.500000E+01  1.229005E+00  1.225855E+00  1.271463E+00  1.487907E+00
  2.520000E+01  1.228777E+00  1.225701E+00  1.271443E+00  1.489070E+00
  2.540000E+01  1.229129E+00  1.226006E+00  1.272428E+00  1.490181E+00
  2.560000E+01  1.229570E+00  1.225862E+00  1.272879E+00  1.489510E+00
  2.580000E+01  1.229408E+00  1.226485E+00  1.273448E+00  1.493434E+00
  2.600000E+01  1.229494E+00  1.226744E+00  1.273761E+00  1.492633E+00
  2.620000E+01  1.229581E+00  1.226669E+00  1.274333E+00  1.489340E+00
  2.640000E+01  1.229548E+00  1.226772E+00  1.275252E+00  1.492163E+00
  2.660000E+01  1.229786E+00  1.226551E+00  1.276133E+00  1.494306E+00
  2.680000E+01  1.229712E+00  1.226422E+00  1.277120E+00  1.500877E+00
  2.700000E+01  1.229502E+00  1.226441E+00  1.275989E+00  1.497812E+00
  2.720000E+01  1.229092E+00  1.226616E+00  1.275408E+00  1.496882E+00
  2.740000E+01  1.228835E+00  1.226807E+00  1.275961E+00  1.497574E+00
  2.760000E+01  1.228914E+00  1.226728E+00  1.276445E+00  1.498322E+00
  2.780000E+01  1.228989E+00  1.227004E+00  1.277020E+00  1.499690E+00
  2.800000E+01  1.228774E+00  1.226646E+00  1.276588E+00  1.499752E+00
  2.820000E+01  1.228622E+00  1.226725E+00  1.277796E+00  1.499505E+00
  2.840000E+01  1.228500E+00  1.226935E+00  1.278494E+00  1.497160E+00
  2.860000E+01  1.228647E+00  1.226972E+00  1.278937E+00  1.496612E+00
  2.880000E+01  1.228575E+00  1.226562E+00  1.279346E+00  1.494716E+00
  2.900000E+01  1.228785E+00  1.226736E+00  1.279648E+00  1.494538E+00
  2.920000E+01  1.229381E+00  1.227275E+00  1.279367E+00  1.497608E+00
  2.940000E+01  1.229170E+00  1.227299E+00  1.279857E+00  1.497551E+00
  2.960000E+01  1.229322E+00  1.227426E+00  1.280395E+00  1.499266E+00
  2.980000E+01  1.229163E+00  1.227551E+00  1.280863E+00  1.501405E+00
  3.000000E+01  1.229099E+00  1.227634E+00  1.280692E+00  1.504640E+00
  2.000000E-01  1.204986E+00  1.220341E+00  1.253183E+00  0.000000E+00
  4.000000E-01  1.204726E+00  1.220353E+00  1.253462E+00  0.000000E+00
  6.000000E-01  1.204789E+00  1.220381E+00  1.253849E+00  0.000000E+00
  8.000000E-01  1.204906E+00  1.220337E+00  1.253859E+00  0.000000E+00
  1.000000E+00  1.204971E+00  1.220310E+00  1.254282E+00  0.000000E+00
  1.200000E+00  1.204895E+00  1.220334E+00  1.254324E+00  0.000000E+00
  1.400000E+00  1.205155E+00  1.220271E+00  1.254452E+00  0.000000E+00
  1.600000E+00  1.205134E+00  1.220188E+00  1.254609E+00  0.000000E+00
  1.800000E+00  1.205199E+00  1.220266E+00  1.254898E+00  0.000000E+00
  2.000000E+00  1.205014E+00  1.220208E+00  1.254615E+00  0.000000E+00
  2.200000E+00  1.205290E+00  1.220266E+00  1.254932E+00  0.000000E+00
  2.400000E+00  1.205242E+00  1.220238E+00  1.255106E+00  0.000000E+00
  2.600000E+00  1.205280E+00  1.220251E+00  1.255077E+00  0.000000E+00
  2.800000E+00  1.205605E+00  1.220254E+00  1.255229E+00  0.000000E+00
  3.000000E+00  1.205782E+00  1.220163E+00  1.255276E+00  0.000000E+00
  3.200000E+00  1.206013E+00  1.220166E+00  1.255190E+00  0.000000E+00
  3.400000E+00  1.206609E+00  1.220135E+00  1.255317E+00  0.000000E+00
  3.600000E+00  1.207005E+00  1.220100E+00  1.255334E+00  0.000000E+00
  3.800000E+00  1.207556E+00  1.220123E+00  1.255717E+00  0.000000E+00
  4.000000E+00  1.207953E+00  1.220210E+00  1.256142E+00  0.000000E+00
  4.200000E+00  1.208286E+00  1.220238E+00  1.256542E+00  0.000000E+00
  4.400000E+00  1.208473E+00  1.220215E+00  1.256186E+00  0.000000E+00
  4.600000E+00  1.208597E+00  1.220183E+00  1.255912E+00  0.000000E+00
  4.800000E+00  1.208971E+00  1.220151E+00  1.256057E+00  1.333333E+00
  5.000000E+00  1.209287E+00  1.220163E+00  1.256109E+00  2.000000E+00
  5.200000E+00  1.209597E+00  1.220205E+00  1.255748E+00  2.333333E+00
  5.400000E+00  1.209767E+00  1.220165E+00  1.255180E+00  1.833333E+00
  5.600000E+00  1.210056E+00  1.220194E+00  1.254463E+00  1.625000E+00
  5.800000E+00  1.210320E+00  1.220283E+00  1.254120E+00  1.700000E+00
  6.000000E+00  1.210455E+00  1.220372E+00  1.254062E+00  1.714286E+00
  6.200000E+00  1.210696E+00  1.220451E+00  1.253707E+00  1.619048E+00
  6.400000E+00  1.210937E+00  1.220279E+00  1.253578E+00  1.548387E+00
  6.600000E+00  1.211361E+00  1.220326E+00  1.253487E+00  1.638889E+00
  6.800000E+00  1.211600E+00  1.220420E+00  1.253025E+00  1.736842E+00
  7.000000E+00  1.211946E+00  1.220454E+00  1.252484E+00  1.673469E+00
  7.200000E+00  1.212199E+00  1.220468E+00  1.251924E+00  1.750000E+00
  7.400000E+00  1.212347E+00  1.220418E+00  1.250940E+00  1.701299E+00
  7.600000E+00  1.213043E+00  1.220430E+00  1.250421E+00  1.698925E+00
  7.800000E+00  1.213285E+00  1.220520E+00  1.249819E+00  1.693694E+00
  8.000000E+00  1.213650E+00  1.220647E+00  1.249590E+00  1.620438E+00
  8.200000E+00  1.213973E+00  1.220669E+00  1.248779E+00  1.601227E+00
  8.400000E+00  1.214336E+00  1.220702E+00  1.248597E+00  1.598930E+00
  8.600000E+00  1.214816E+00  1.220758E+00  1.248076E+00  1.600962E+00
  8.800000E+00  1.215276E+00  1.220786E+00  1.247484E+00  1.583333E+00
  9.000000E+00  1.215726E+00  1.220823E+00  1.247076E+00  1.578571E+00
  9.200000E+00  1.216043E+00  1.220813E+00  1.246376E+00  1.547337E+00
  9.400000E+00  1.216561E+00  1.221049E+00  1.246233E+00  1.517321E+00
  9.600000E+00  1.217176E+00  1.221168E+00  1.246245E+00  1.536458E+00
  9.800000E+00  1.217692E+00  1.221655E+00  1.246418E+00  1.525032E+00
  1.000000E+01  1.218499E+00  1.222010E+00  1.246207E+00  1.509398E+00
  1.020000E+01  1.219943E+00  1.222889E+00  1.247300E+00  1.488539E+00
  1.040000E+01  1.220920E+00  1.223552E+00  1.247551E+00  1.494575E+00
  1.060000E+01  1.221134E+00  1.223460E+00  1.247300E+00  1.490347E+00
  1.080000E+01  1.221516E+00  1.223584E+00  1.247665E+00  1.509942E+00
  1.100000E+01  1.222381E+00  1.224253E+00  1.248122E+00  1.495534E+00
  1.120000E+01  1.223267E+00  1.224768E+00  1.249218E+00  1.487520E+00
  1.140000E+01  1.224353E+00  1.225406E+00  1.249846E+00  1.489272E+00
  1.160000E+01  1.224909E+00  1.225570E+00  1.249842E+00  1.478149E+00
  1.180000E+01  1.225465E+00  1.225672E+00  1.249922E+00  1.485509E+00
  1.200000E+01  1.225519E+00  1.225564E+00  1.249846E+00  1.475212E+00
  1.220000E+01  1.225482E+00  1.225329E+00  1.249420E+00  1.466554E+00
  1.240000E+01  1.226033E+00  1.225225E+00  1.249445E+00  1.475939E+00
  1.260000E+01  1.225904E+00  1.224924E+00  1.249427E+00  1.484066E+00
  1.280000E+01  1.226121E+00  1.224925E+00  1.249985E+00  1.484791E+00
  1.300000E+01  1.227179E+00  1.225560E+00  1.250633E+00  1.478516E+00
  1.320000E+01  1.226955E+00  1.224965E+00  1.250322E+00  1.485498E+00
  1.340000E+01  1.226238E+00  1.223946E+00  1.249276E+00  1.471230E+00
  1.360000E+01  1.226539E+00  1.223990E+00  1.249180E+00  1.463276E+00
  1.380000E+01  1.226099E+00  1.223552E+00  1.248544E+00  1.468559E+00
  1.400000E+01  1.225984E+00  1.223191E+00  1.247882E+00  1.447451E+00
  1.420000E+01  1.225700E+00  1.222895E+00  1.247683E+00  1.443770E+00
  1.440000E+01  1.225660E+00  1.222376E+00  1.248045E+00  1.453952E+00
  1.460000E+01  1.226367E+00  1.222645E+00  1.248724E+00  1.463427E+00
  1.480000E+01  1.226350E+00  1.222927E+00  1.248822E+00  1.462536E+00
  1.500000E+01  1.226175E+00  1.222589E+00  1.249562E+00  1.475347E+00
  1.520000E+01  1.225810E+00  1.221997E+00  1.249397E+00  1.469984E+00
  1.540000E+01  1.225381E+00  1.221380E+00  1.248315E+00  1.457174E+00
  1.560000E+01  1.224766E+00  1.220742E+00  1.248104E+00  1.460461E+00
  1.580000E+01  1.224670E+00  1.220314E+00  1.247685E+00  1.456387E+00
  1.600000E+01  1.225122E+00  1.220224E+00  1.248065E+00  1.448942E+00
  1.620000E+01  1.225033E+00  1.220141E+00  1.247686E+00  1.448685E+00
  1.640000E+01  1.224516E+00  1.219783E+00  1.247391E+00  1.447680E+00
  1.660000E+01  1.223659E+00  1.218858E+00  1.246581E+00  1.450797E+00
  1.680000E+01  1.223481E+00  1.218674E+00  1.246893E+00  1.452856E+00
  1.700000E+01  1.223835E+00  1.218690E+00  1.246980E+00  1.454613E+00
  1.720000E+01  1.223646E+00  1.218399E+00  1.246571E+00  1.467939E+00
  1.740000E+01  1.222895E+00  1.217717E+00  1.245853E+00  1.457462E+00
  1.760000E+01  1.223138E+00  1.217681E+00  1.245373E+00  1.454253E+00
  1.780000E+01  1.223399E+00  1.217733E+00  1.245425E+00  1.458108E+00
  1.800000E+01  1.223999E+00  1.218445E+00  1.246020E+00  1.460690E+00
  1.820000E+01  1.224727E+00  1.219029E+00  1.246567E+00  1.461849E+00
  1.840000E+01  1.224455E+00  1.218553E+00  1.247202E+00  1.455393E+00
  1.860000E+01  1.224306E+00  1.218433E+00  1.247332E+00  1.450765E+00
  1.880000E+01  1.224984E+00  1.218849E+00  1.247193E+00  1.454390E+00
  1.900000E+01  1.224794E+00  1.218904E+00  1.246803E+00  1.456778E+00
  1.920000E+01  1.224856E+00  1.219009E+00  1.246685E+00  1.450823E+00
  1.940000E+01  1.225148E+00  1.219482E+00  1.246752E+00  1.462447E+00
  1.960000E+01  1.225538E+00  1.219664E+00  1.246762E+00  1.466395E+00
  1.980000E+01  1.225734E+00  1.219801E+00  1.247461E+00  1.462181E+00
  2.000000E+01  1.226405E+00  1.220117E+00  1.248047E+00  1.460241E+00
  2.020000E+01  1.227115E+00  1.220384E+00  1.248896E+00  1.459857E+00
  2.040000E+01  1.227086E+00  1.220610E+00  1.249067E+00  1.451653E+00
  2.060000E+01  1.227253E+00  1.220996E+00  1.250395E+00  1.450721E+00
  2.080000E+01  1.226907E+00  1.221117E+00  1.251340E+00  1.442811E+00
  2.100000E+01  1.227389E+00  1.221369E+00  1.251353E+00  1.448127E+00
  2.120000E+01  1.226688E+00  1.220695E+00  1.251047E+00  1.451843E+00
  2.140000E+01  1.227028E+00  1.221529E+00  1.252469E+00  1.451306E+00
  2.160000E+01  1.226918E+00  1.221702E+00  1.254042E+00  1.455444E+00
  2.180000E+01  1.227314E+00  1.222049E+00  1.255291E+00  1.452602E+00
  2.200000E+01  1.227022E+00  1.221788E+00  1.255977E+00  1.448577E+00
  2.220000E+01  1.227284E+00  1.221951E+00  1.256597E+00  1.451149E+00
  2.240000E+01  1.227197E+00  1.222299E+00  1.256926E+00  1.455310E+00
  2.260000E+01  1.227570E+00  1.222679E+00  1.257938E+00  1.454795E+00
  2.280000E+01  1.228044E+00  1.223089E+00  1.258324E+00  1.456252E+00
  2.300000E+01  1.227771E+00  1.222959E+00  1.258391E+00  1.451303E+00
  2.320000E+01  1.228225E+00  1.223774E+00  1.258990E+00  1.456004E+00
  2.340000E+01  1.228064E+00  1.223971E+00  1.260611E+00  1.451775E+00
  2.360000E+01  1.228539E+00  1.224601E+00  1.262353E+00  1.453429E+00
  2.380000E+01  1.229019E+00  1.224905E+00  1.263271E+00  1.453699E+00
  2.400000E+01  1.229164E+00  1.225164E+00  1.264106E+00  1.457420E+00
  2.420000E+01  1.229414E+00  1.225653E+00  1.264437E+00  1.455227E+00
  2.440000E+01  1.229453E+00  1.225805E+00  1.264661E+00  1.457773E+00
  2.460000E+01  1.229335E+00  1.226180E+00  1.265305E+00  1.454775E+00
  2.480000E+01  1.229307E+00  1.226276E+00  1.265499E+00  1.459285E+00
  2.500000E+01  1.228814E+00  1.226488E+00  1.266322E+00  1.464128E+00
  2.520000E+01  1.228382E+00  1.226847E+00  1.266322E+00  1.464003E+00
  2.540000E+01  1.227864E+00  1.227116E+00  1.266657E+00  1.464483E+00
  2.560000E+01  1.228348E+00  1.227231E+00  1.267045E+00  1.470736E+00
  2.580000E+01  1.227863E+00  1.227044E+00  1.267886E+00  1.468176E+00
  2.600000E+01  1.227722E+00  1.227431E+00  1.267954E+00  1.467398E+00
  2.620000E+01  1.227943E+00  1.227790E+00  1.268635E+00  1.471388E+00
  2.640000E+01  1.227670E+00  1.228010E+00  1.269188E+00  1.471210E+00
  2.660000E+01  1.227746E+00  1.228227E+00  1.270305E+00  1.470836E+00
  2.680000E+01  1.227312E+00  1.228368E+00  1.270322E+00  1.472459E+00
  2.700000E+01  1.227558E+00  1.228235E+00  1.270775E+00  1.473235E+00
  2.720000E+01  1.227435E+00  1.228816E+00  1.271342E+00  1.469732E+00
  2.740000E+01  1.227477E+00  1.229318E+00  1.271387E+00  1.471647E+00
  2.760000E+01  1.227204E+00  1.229402E+00  1.271642E+00  1.469734E+00
  2.780000E+01  1.227802E+00  1.229551E+00  1.271844E+00  1.472236E+00
  2.800000E+01  1.227372E+00  1.229630E+00  1.272242E+00  1.474433E+00
  2.820000E+01  1.227892E+00  1.229551E+00  1.272543E+00  1.473214E+00
  2.840000E+01  1.227500E+00  1.229847E+00  1.272259E+00  1.475923E+00
  2.860000E+01  1.227334E+00  1.229731E+00  1.272562E+00  1.477761E+00
  2.880000E+01  1.227490E+00  1.229617E+00  1.273114E+00  1.477672E+00
  2.900000E+01  1.227044E+00  1.229800E+00  1.273282E+00  1.478611E+00
  2.920000E+01  1.226590E+00  1.229828E+00  1.273541E+00  1.480224E+00
  2.940000E+01  1.226349E+00  1.229773E+00  1.272924E+00  1.480545E+00
  2.960000E+01  1.226112E+00  1.229664E+00  1.273615E+00  1.481239E+00
  2.980000E+01  1.225987E+00  1.229943E+00  1.274003E+00  1.486388E+00
  3.000000E+01  1.226250E+00  1.230041E+00  1.274426E+00  1.486349E+00
