  2.000000E-01  1.206965E+00  1.220678E+00  1.252879E+00  0.000000E+00
  4.000000E-01  1.207243E+00  1.220753E+00  1.253492E+00  0.000000E+00
  6.000000E-01  1.207057E+00  1.220777E+00  1.253966E+00  0.000000E+00
  8.000000E-01  1.207411E+00  1.220828E+00  1.254295E+00  0.000000E+00
  1.000000E+00  1.207713E+00  1.220892E+00  1.254658E+00  0.000000E+00
  1.200000E+00  1.207822E+00  1.220867E+00  1.254924E+00  0.000000E+00
  1.400000E+00  1.207859E+00  1.220857E+00  1.255002E+00  0.000000E+00
  1.600000E+00  1.207855E+00  1.220767E+00  1.255116E+00  0.000000E+00
  1.800000E+00  1.208046E+00  1.220775E+00  1.255507E+00  0.000000E+00
  2.000000E+00  1.208167E+00  1.220791E+00  1.256033E+00  0.000000E+00
  2.200000E+00  1.208158E+00  1.220736E+00  1.256317E+00  0.000000E+00
  2.400000E+00  1.208236E+00  1.220748E+00  1.256454E+00  0.000000E+00
  2.600000E+00  1.208274E+00  1.220676E+00  1.256480E+00  0.000000E+00
  2.800000E+00  1.208498E+00  1.220691E+00  1.256256E+00  0.000000E+00
  3.000000E+00  1.208891E+00  1.220734E+00  1.256438E+00  0.000000E+00
  3.200000E+00  1.209342E+00  1.220795E+00  1.256616E+00  1.000000E+00
  3.400000E+00  1.209664E+00  1.220828E+00  1.256899E+00  1.000000E+00
  3.600000E+00  1.209704E+00  1.220826E+00  1.257044E+00  1.000000E+00
  3.800000E+00  1.209947E+00  1.220856E+00  1.257166E+00  1.000000E+00
  4.000000E+00  1.209886E+00  1.220826E+00  1.257533E+00  1.000000E+00
  4.200000E+00  1.210191E+00  1.220882E+00  1.257720E+00  1.000000E+00
  4.400000E+00  1.210538E+00  1.220847E+00  1.257911E+00  1.000000E+00
  4.600000E+00  1.210722E+00  1.220886E+00  1.258305E+00  1.000000E+00
  4.800000E+00  1.210741E+00  1.220893E+00  1.257922E+00  2.000000E+00
  5.000000E+00  1.211142E+00  1.220823E+00  1.257992E+00  2.000000E+00
  5.200000E+00  1.211228E+00  1.220849E+00  1.257833E+00  1.000000E+00
  5.400000E+00  1.211290E+00  1.220866E+00  1.257536E+00  1.500000E+00
  5.600000E+00  1.211665E+00  1.220865E+00  1.257497E+00  1.500000E+00
  5.800000E+00  1.212075E+00  1.220882E+00  1.257536E+00  1.250000E+00
  6.000000E+00  1.212705E+00  1.220856E+00  1.257313E+00  1.800000E+00
  6.200000E+00  1.212946E+00  1.220821E+00  1.256829E+00  1.571429E+00
  6.400000E+00  1.213117E+00  1.220872E+00  1.256628E+00  1.416667E+00
  6.600000E+00  1.213225E+00  1.220865E+00  1.256182E+00  1.411765E+00
  6.800000E+00  1.213305E+00  1.220911E+00  1.255973E+00  1.375000E+00
  7.000000E+00  1.213563E+00  1.220893E+00  1.255549E+00  1.357143E+00
  7.200000E+00  1.213778E+00  1.220953E+00  1.254658E+00  1.393939E+00
  7.400000E+00  1.213975E+00  1.220971E+00  1.254155E+00  1.416667E+00
  7.600000E+00  1.213977E+00  1.220928E+00  1.253994E+00  1.452381E+00
  7.800000E+00  1.214301E+00  1.220976E+00  1.253409E+00  1.420000E+00
  8.000000E+00  1.214486E+00  1.220914E+00  1.252904E+00  1.500000E+00
  8.200000E+00  1.215211E+00  1.220956E+00  1.252524E+00  1.537313E+00
  8.400000E+00  1.215660E+00  1.220929E+00  1.252036E+00  1.500000E+00
  8.600000E+00  1.215870E+00  1.220906E+00  1.251095E+00  1.457831E+00
  8.800000E+00  1.216056E+00  1.220907E+00  1.250806E+00  1.484536E+00
  9.000000E+00  1.216009E+00  1.220980E+00  1.249965E+00  1.518182E+00
  9.200000E+00  1.216201E+00  1.221069E+00  1.249186E+00  1.569106E+00
  9.400000E+00  1.216794E+00  1.221101E+00  1.249013E+00  1.600000E+00
  9.600000E+00  1.217195E+00  1.221162E+00  1.248735E+00  1.514970E+00
  9.800000E+00  1.217445E+00  1.221073E+00  1.248213E+00  1.538043E+00
  1.000000E+01  1.217733E+00  1.220918E+00  1.247550E+00  1.592965E+00
  1.020000E+01  1.217907E+00  1.221002E+00  1.247052E+00  1.554656E+00
  1.040000E+01  1.218349E+00  1.220921E+00  1.246993E+00  1.555556E+00
  1.060000E+01  1.218958E+00  1.221059E+00  1.246328E+00  1.525641E+00
  1.080000E+01  1.219510E+00  1.221318E+00  1.245830E+00  1.502655E+00
  1.100000E+01  1.220059E+00  1.221414E+00  1.245701E+00  1.491741E+00
  1.120000E+01  1.221226E+00  1.222307E+00  1.246590E+00  1.473988E+00
  1.140000E+01  1.222113E+00  1.222887E+00  1.247193E+00  1.472822E+00
  1.160000E+01  1.223020E+00  1.223443E+00  1.247672E+00  1.476821E+00
  1.180000E+01  1.223736E+00  1.223811E+00  1.248346E+00  1.469719E+00
  1.200000E+01  1.223966E+00  1.223673E+00  1.248454E+00  1.506565E+00
  1.220000E+01  1.224862E+00  1.224194E+00  1.248766E+00  1.499455E+00
  1.240000E+01  1.225300E+00  1.224014E+00  1.248715E+00  1.502905E+00
  1.260000E+01  1.225657E+00  1.224133E+00  1.248744E+00  1.491837E+00
  1.280000E+01  1.226473E+00  1.224644E+00  1.249563E+00  1.496002E+00
  1.300000E+01  1.227011E+00  1.224660E+00  1.249657E+00  1.486580E+00
  1.320000E+01  1.227627E+00  1.225073E+00  1.250329E+00  1.480037E+00
  1.340000E+01  1.227710E+00  1.225051E+00  1.250936E+00  1.485390E+00
  1.360000E+01  1.227920E+00  1.224699E+00  1.250873E+00  1.485655E+00
  1.380000E+01  1.228346E+00  1.224667E+00  1.251086E+00  1.492759E+00
  1.400000E+01  1.227596E+00  1.223774E+00  1.250567E+00  1.503223E+00
  1.420000E+01  1.227281E+00  1.223180E+00  1.250708E+00  1.501232E+00
  1.440000E+01  1.227335E+00  1.223157E+00  1.250355E+00  1.500462E+00
  1.460000E+01  1.227366E+00  1.222837E+00  1.250253E+00  1.499369E+00
  1.480000E+01  1.227118E+00  1.222310E+00  1.250321E+00  1.486572E+00
  1.500000E+01  1.227416E+00  1.222082E+00  1.250254E+00  1.490566E+00
  1.520000E+01  1.227918E+00  1.222106E+00  1.250168E+00  1.489785E+00
  1.540000E+01  1.228057E+00  1.222023E+00  1.250128E+00  1.502785E+00
  1.560000E+01  1.228002E+00  1.221676E+00  1.250194E+00  1.501250E+00
  1.580000E+01  1.227756E+00  1.220957E+00  1.250317E+00  1.496051E+00
  1.600000E+01  1.227703E+00  1.220695E+00  1.250338E+00  1.497792E+00
  1.620000E+01  1.227423E+00  1.220394E+00  1.249226E+00  1.503100E+00
  1.640000E+01  1.227700E+00  1.220516E+00  1.250069E+00  1.494436E+00
  1.660000E+01  1.226969E+00  1.219798E+00  1.249625E+00  1.494483E+00
  1.680000E+01  1.226390E+00  1.219234E+00  1.250312E+00  1.492079E+00
  1.700000E+01  1.227312E+00  1.220050E+00  1.250394E+00  1.495507E+00
  1.720000E+01  1.226834E+00  1.219675E+00  1.249718E+00  1.497644E+00
  1.740000E+01  1.226868E+00  1.219483E+00  1.249948E+00  1.490428E+00
  1.760000E+01  1.226877E+00  1.219418E+00  1.249938E+00  1.478717E+00
  1.780000E+01  1.227256E+00  1.219561E+00  1.250300E+00  1.481220E+00
  1.800000E+01  1.226533E+00  1.218832E+00  1.249544E+00  1.475144E+00
  1.820000E+01  1.226445E+00  1.218913E+00  1.249513E+00  1.478261E+00
  1.840000E+01  1.226511E+00  1.218879E+00  1.249736E+00  1.487900E+00
  1.860000E+01  1.225894E+00  1.218517E+00  1.249683E+00  1.483284E+00
  1.880000E+01  1.225930E+00  1.218664E+00  1.250187E+00  1.483417E+00
  1.900000E+01  1.225833E+00  1.218802E+00  1.249263E+00  1.480792E+00
  1.920000E+01  1.225791E+00  1.218900E+00  1.249663E+00  1.473930E+00
  1.940000E+01  1.225586E+00  1.218552E+00  1.249713E+00  1.476939E+00
  1.960000E+01  1.225136E+00  1.218107E+00  1.249052E+00  1.478828E+00
  1.980000E+01  1.224310E+00  1.217487E+00  1.248834E+00  1.483526E+00
  2.000000E+01  1.223923E+00  1.217355E+00  1.249216E+00  1.482942E+00
  2.020000E+01  1.224313E+00  1.217562E+00  1.249051E+00  1.484527E+00
  2.040000E+01  1.224475E+00  1.217649E+00  1.249456E+00  1.489930E+00
  2.060000E+01  1.224426E+00  1.217492E+00  1.249076E+00  1.486805E+00
  2.080000E+01  1.223823E+00  1.217268E+00  1.248105E+00  1.487052E+00
  2.100000E+01  1.224337E+00  1.218028E+00  1.248094E+00  1.483235E+00
  2.120000E+01  1.224653E+00  1.217980E+00  1.247858E+00  1.488239E+00
  2.140000E+01  1.224865E+00  1.218743E+00  1.249186E+00  1.491282E+00
  2.160000E+01  1.225352E+00  1.218893E+00  1.249625E+00  1.493028E+00
  2.180000E+01  1.226395E+00  1.219559E+00  1.251106E+00  1.503971E+00
  2.200000E+01  1.226235E+00  1.219513E+00  1.251434E+00  1.503885E+00
  2.220000E+01  1.226162E+00  1.219840E+00  1.252570E+00  1.503309E+00
  2.240000E+01  1.226576E+00  1.219975E+00  1.253870E+00  1.494682E+00
  2.260000E+01  1.226750E+00  1.220030E+00  1.254339E+00  1.500272E+00
  2.280000E+01  1.226566E+00  1.220375E+00  1.255674E+00  1.501557E+00
  2.300000E+01  1.227089E+00  1.221067E+00  1.256615E+00  1.503178E+00
  2.320000E+01  1.227260E+00  1.221607E+00  1.257534E+00  1.503565E+00
  2.340000E+01  1.227487E+00  1.221708E+00  1.257629E+00  1.507917E+00
  2.360000E+01  1.227480E+00  1.222231E+00  1.257876E+00  1.502469E+00
  2.380000E+01  1.227906E+00  1.222423E+00  1.258464E+00  1.500797E+00
  2.400000E+01  1.227353E+00  1.222085E+00  1.259246E+00  1.500927E+00
  2.420000E+01  1.227619E+00  1.222310E+00  1.259522E+00  1.503695E+00
  2.440000E+01  1.227798E+00  1.222787E+00  1.260650E+00  1.498163E+00
  2.460000E+01  1.228262E+00  1.223172E+00  1.261422E+00  1.502163E+00
  2.480000E+01  1.228324E+00  1.223173E+00  1.262598E+00  1.505423E+00
  2.500000E+01  1.227805E+00  1.223420E+00  1.263577E+00  1.504941E+00
  2.520000E+01  1.227856E+00  1.223192E+00  1.264694E+00  1.503891E+00
  2.540000E+01  1.228313E+00  1.223926E+00  1.265590E+00  1.502458E+00
  2.560000E+01  1.228434E+00  1.224086E+00  1.266229E+00  1.506265E+00
  2.580000E+01  1.228448E+00  1.224369E+00  1.266448E+00  1.508946E+00
  2.600000E+01  1.228090E+00  1.224617E+00  1.267606E+00  1.512016E+00
  2.620000E+01  1.227934E+00  1.224675E+00  1.269180E+00  1.513268E+00
  2.640000E+01  1.227835E+00  1.224959E+00  1.269851E+00  1.511185E+00
  2.660000E+01  1.227907E+00  1.225014E+00  1.269611E+00  1.509184E+00
  2.680000E+01  1.228091E+00  1.225495E+00  1.269906E+00  1.508587E+00
  2.700000E+01  1.228169E+00  1.225754E+00  1.269755E+00  1.510157E+00
  2.720000E+01  1.227967E+00  1.225872E+00  1.270443E+00  1.510892E+00
  2.740000E+01  1.227946E+00  1.226586E+00  1.270642E+00  1.513070E+00
  2.760000E+01  1.228274E+00  1.227237E+00  1.271191E+00  1.514682E+00
  2.780000E+01  1.228693E+00  1.227352E+00  1.271406E+00  1.509481E+00
  2.800000E+01  1.228331E+00  1.226900E+00  1.271704E+00  1.509472E+00
  2.820000E+01  1.227504E+00  1.227415E+00  1.272749E+00  1.510143E+00
  2.840000E+01  1.227249E+00  1.227429E+00  1.272734E+00  1.511117E+00
  2.860000E+01  1.227919E+00  1.227690E+00  1.273575E+00  1.511535E+00
  2.880000E+01  1.227760E+00  1.227587E+00  1.273892E+00  1.508768E+00
  2.900000E+01  1.228023E+00  1.227808E+00  1.274085E+00  1.510562E+00
  2.920000E+01  1.227899E+00  1.227928E+00  1.274465E+00  1.507496E+00
  2.940000E+01  1.227018E+00  1.227969E+00  1.274497E+00  1.506423E+00
  2.960000E+01  1.226794E+00  1.228078E+00  1.275907E+00  1.506907E+00
  2.980000E+01  1.227150E+00  1.228214E+00  1.276037E+00  1.510788E+00
  3.000000E+01  1.227319E+00  1.228605E+00  1.277442E+00  1.513540E+00
  2.000000E-01  1.206198E+00  1.220378E+00  1.253635E+00  0.000000E+00
  4.000000E-01  1.206050E+00  1.220407E+00  1.254014E+00  0.000000E+00
  6.000000E-01  1.206093E+00  1.220516E+00  1.254589E+00  0.000000E+00
  8.000000E-01  1.206128E+00  1.220524E+00  1.254789E+00  0.000000E+00
  1.000000E+00  1.206583E+00  1.220539E+00  1.255080E+00  0.000000E+00
  1.200000E+00  1.206474E+00  1.220466E+00  1.255212E+00  0.000000E+00
  1.400000E+00  1.206580E+00  1.220468E+00  1.255349E+00  0.000000E+00
  1.600000E+00  1.206726E+00  1.220461E+00  1.255560E+00  0.000000E+00
  1.800000E+00  1.206866E+00  1.220545E+00  1.255623E+00  0.000000E+00
  2.000000E+00  1.206999E+00  1.220514E+00  1.256027E+00  0.000000E+00
  2.200000E+00  1.207078E+00  1.220532E+00  1.256292E+00  0.000000E+00
  2.400000E+00  1.207086E+00  1.220490E+00  1.256478E+00  0.000000E+00
  2.600000E+00  1.207070E+00  1.220499E+00  1.256321E+00  0.000000E+00
  2.800000E+00  1.207162E+00  1.220458E+00  1.256175E+00  0.000000E+00
  3.000000E+00  1.207735E+00  1.220336E+00  1.256149E+00  0.000000E+00
  3.200000E+00  1.207988E+00  1.220327E+00  1.256273E+00  2.000000E+00
  3.400000E+00  1.208189E+00  1.220379E+00  1.256411E+00  2.000000E+00
  3.600000E+00  1.208426E+00  1.220416E+00  1.256842E+00  2.000000E+00
  3.800000E+00  1.208683E+00  1.220367E+00  1.257057E+00  2.000000E+00
  4.000000E+00  1.208997E+00  1.220431E+00  1.257451E+00  2.000000E+00
  4.200000E+00  1.209701E+00  1.220389E+00  1.257805E+00  1.333333E+00
  4.400000E+00  1.209687E+00  1.220355E+00  1.257961E+00  1.666667E+00
  4.600000E+00  1.209803E+00  1.220324E+00  1.257651E+00  1.666667E+00
  4.800000E+00  1.209988E+00  1.220276E+00  1.257345E+00  2.000000E+00
  5.000000E+00  1.210292E+00  1.220313E+00  1.257315E+00  1.500000E+00
  5.200000E+00  1.210475E+00  1.220373E+00  1.257063E+00  1.500000E+00
  5.400000E+00  1.210899E+00  1.220464E+00  1.256961E+00  1.500000E+00
  5.600000E+00  1.211366E+00  1.220428E+00  1.256719E+00  1.375000E+00
  5.800000E+00  1.211568E+00  1.220412E+00  1.256529E+00  1.300000E+00
  6.000000E+00  1.212179E+00  1.220388E+00  1.256424E+00  1.300000E+00
  6.200000E+00  1.212332E+00  1.220410E+00  1.256109E+00  1.250000E+00
  6.400000E+00  1.212617E+00  1.220420E+00  1.256208E+00  1.384615E+00
  6.600000E+00  1.213220E+00  1.220414E+00  1.255999E+00  1.384615E+00
  6.800000E+00  1.212994E+00  1.220522E+00  1.255163E+00  1.421053E+00
  7.000000E+00  1.213289E+00  1.220543E+00  1.254611E+00  1.409091E+00
  7.200000E+00  1.213851E+00  1.220554E+00  1.254235E+00  1.320000E+00
  7.400000E+00  1.214178E+00  1.220588E+00  1.253649E+00  1.354839E+00
  7.600000E+00  1.214549E+00  1.220638E+00  1.253015E+00  1.468750E+00
  7.800000E+00  1.214892E+00  1.220674E+00  1.252394E+00  1.477273E+00
  8.000000E+00  1.215246E+00  1.220705E+00  1.251256E+00  1.530612E+00
  8.200000E+00  1.215237E+00  1.220639E+00  1.250537E+00  1.509091E+00
  8.400000E+00  1.215495E+00  1.220735E+00  1.250350E+00  1.478873E+00
  8.600000E+00  1.215996E+00  1.220699E+00  1.249958E+00  1.480000E+00
  8.800000E+00  1.216004E+00  1.220666E+00  1.248880E+00  1.466667E+00
  9.000000E+00  1.216457E+00  1.220557E+00  1.248966E+00  1.480000E+00
  9.200000E+00  1.216632E+00  1.220612E+00  1.248158E+00  1.543860E+00
  9.400000E+00  1.216888E+00  1.220590E+00  1.247386E+00  1.585938E+00
  9.600000E+00  1.217197E+00  1.220399E+00  1.247482E+00  1.593103E+00
  9.800000E+00  1.217581E+00  1.220372E+00  1.246869E+00  1.556213E+00
  1.000000E+01  1.218059E+00  1.220334E+00  1.246323E+00  1.565445E+00
  1.020000E+01  1.218537E+00  1.220419E+00  1.245924E+00  1.539749E+00
  1.040000E+01  1.218819E+00  1.220614E+00  1.245808E+00  1.500000E+00
  1.060000E+01  1.219132E+00  1.220825E+00  1.245306E+00  1.488938E+00
  1.080000E+01  1.219770E+00  1.221234E+00  1.245360E+00  1.505882E+00
  1.100000E+01  1.220209E+00  1.221413E+00  1.245630E+00  1.532828E+00
  1.120000E+01  1.220790E+00  1.221583E+00  1.246184E+00  1.541586E+00
  1.140000E+01  1.221678E+00  1.222039E+00  1.246311E+00  1.562072E+00
  1.160000E+01  1.222603E+00  1.222591E+00  1.246727E+00  1.562500E+00
  1.180000E+01  1.223619E+00  1.223361E+00  1.247294E+00  1.526575E+00
  1.200000E+01  1.224604E+00  1.224165E+00  1.248209E+00  1.495289E+00
  1.220000E+01  1.225284E+00  1.224405E+00  1.248597E+00  1.499822E+00
  1.240000E+01  1.225209E+00  1.224184E+00  1.249091E+00  1.488917E+00
  1.260000E+01  1.225384E+00  1.224096E+00  1.249041E+00  1.505954E+00
  1.280000E+01  1.226031E+00  1.224381E+00  1.249468E+00  1.525437E+00
  1.300000E+01  1.226083E+00  1.224004E+00  1.249186E+00  1.505841E+00
  1.320000E+01  1.226523E+00  1.224300E+00  1.249459E+00  1.529066E+00
  1.340000E+01  1.226715E+00  1.224422E+00  1.249453E+00  1.521352E+00
  1.360000E+01  1.226898E+00  1.224216E+00  1.249846E+00  1.510230E+00
  1.380000E+01  1.227238E+00  1.224247E+00  1.250064E+00  1.500304E+00
  1.400000E+01  1.227669E+00  1.224161E+00  1.250659E+00  1.500097E+00
  1.420000E+01  1.227490E+00  1.223694E+00  1.250471E+00  1.494067E+00
  1.440000E+01  1.227691E+00  1.223548E+00  1.251134E+00  1.490497E+00
  1.460000E+01  1.227191E+00  1.222896E+00  1.250466E+00  1.490431E+00
  1.480000E+01  1.227800E+00  1.223216E+00  1.250669E+00  1.486999E+00
  1.500000E+01  1.228125E+00  1.222866E+00  1.250220E+00  1.492734E+00
  1.520000E+01  1.227002E+00  1.221638E+00  1.249097E+00  1.475038E+00
  1.540000E+01  1.227217E+00  1.221547E+00  1.248814E+00  1.480915E+00
  1.560000E+01  1.227147E+00  1.221076E+00  1.248701E+00  1.471757E+00
  1.580000E+01  1.227292E+00  1.221275E+00  1.248774E+00  1.461614E+00
  1.600000E+01  1.227989E+00  1.221690E+00  1.249033E+00  1.464914E+00
  1.620000E+01  1.227786E+00  1.221275E+00  1.248701E+00  1.453997E+00
  1.640000E+01  1.228211E+00  1.221425E+00  1.249020E+00  1.458861E+00
  1.660000E+01  1.228507E+00  1.221465E+00  1.249227E+00  1.451876E+00
  1.680000E+01  1.227749E+00  1.220815E+00  1.248852E+00  1.449078E+00
  1.700000E+01  1.227222E+00  1.220363E+00  1.249361E+00  1.450411E+00
  1.720000E+01  1.227503E+00  1.220368E+00  1.249421E+00  1.447470E+00
  1.740000E+01  1.226761E+00  1.219920E+00  1.249603E+00  1.452972E+00
  1.760000E+01  1.226471E+00  1.219441E+00  1.248855E+00  1.448883E+00
  1.780000E+01  1.225717E+00  1.218432E+00  1.248063E+00  1.453380E+00
  1.800000E+01  1.225906E+00  1.218740E+00  1.248406E+00  1.456090E+00
  1.820000E+01  1.225999E+00  1.218646E+00  1.247893E+00  1.450650E+00
  1.840000E+01  1.226074E+00  1.218761E+00  1.248333E+00  1.457173E+00
  1.860000E+01  1.225781E+00  1.218330E+00  1.247736E+00  1.461425E+00
  1.880000E+01  1.226324E+00  1.218316E+00  1.247703E+00  1.455614E+00
  1.900000E+01  1.226490E+00  1.218189E+00  1.246790E+00  1.457960E+00
  1.920000E+01  1.225787E+00  1.217647E+00  1.245894E+00  1.464574E+00
  1.940000E+01  1.226542E+00  1.218455E+00  1.246144E+00  1.468668E+00
  1.960000E+01  1.227198E+00  1.219014E+00  1.246547E+00  1.480140E+00
  1.980000E+01  1.226692E+00  1.218707E+00  1.246340E+00  1.481632E+00
  2.000000E+01  1.226447E+00  1.218685E+00  1.246476E+00  1.476857E+00
  2.020000E+01  1.226249E+00  1.218510E+00  1.246674E+00  1.470849E+00
  2.040000E+01  1.226595E+00  1.219161E+00  1.246704E+00  1.474343E+00
  2.060000E+01  1.226930E+00  1.219533E+00  1.247213E+00  1.474214E+00
  2.080000E+01  1.226946E+00  1.219979E+00  1.247150E+00  1.467426E+00
  2.100000E+01  1.227087E+00  1.220095E+00  1.247444E+00  1.467805E+00
  2.120000E+01  1.227124E+00  1.220550E+00  1.247996E+00  1.464838E+00
  2.140000E+01  1.227075E+00  1.220229E+00  1.248601E+00  1.469382E+00
  2.160000E+01  1.226677E+00  1.220436E+00  1.248851E+00  1.460599E+00
  2.180000E+01  1.227134E+00  1.221178E+00  1.249192E+00  1.463441E+00
  2.200000E+01  1.227452E+00  1.221397E+00  1.249481E+00  1.457841E+00
  2.220000E+01  1.227146E+00  1.221556E+00  1.249669E+00  1.463101E+00
  2.240000E+01  1.226841E+00  1.221751E+00  1.250767E+00  1.468847E+00
  2.260000E+01  1.226747E+00  1.221860E+00  1.251095E+00  1.467707E+00
  2.280000E+01  1.227299E+00  1.222199E+00  1.252783E+00  1.476743E+00
  2.300000E+01  1.226789E+00  1.221618E+00  1.254156E+00  1.474101E+00
  2.320000E+01  1.227094E+00  1.221986E+00  1.255935E+00  1.476235E+00
  2.340000E+01  1.226663E+00  1.221888E+00  1.256552E+00  1.469697E+00
  2.360000E+01  1.226330E+00  1.222327E+00  1.257001E+00  1.472038E+00
  2.380000E+01  1.225494E+00  1.222239E+00  1.257660E+00  1.479175E+00
  2.400000E+01  1.225610E+00  1.222694E+00  1.258398E+00  1.476516E+00
  2.420000E+01  1.224841E+00  1.222388E+00  1.258271E+00  1.472989E+00
  2.440000E+01  1.224853E+00  1.222654E+00  1.259111E+00  1.473609E+00
  2.460000E+01  1.224924E+00  1.222446E+00  1.259766E+00  1.475403E+00
  2.480000E+01  1.224728E+00  1.222809E+00  1.260940E+00  1.472654E+00
  2.500000E+01  1.225150E+00  1.223361E+00  1.261637E+00  1.472584E+00
  2.520000E+01  1.224568E+00  1.223070E+00  1.261756E+00  1.473169E+00
  2.540000E+01  1.225292E+00  1.223247E+00  1.263078E+00  1.478155E+00
  2.560000E+01  1.225066E+00  1.223270E+00  1.262933E+00  1.482024E+00
  2.580000E+01  1.225171E+00  1.223610E+00  1.263918E+00  1.483540E+00
  2.600000E+01  1.225050E+00  1.223989E+00  1.264524E+00  1.481562E+00
  2.620000E+01  1.224881E+00  1.224399E+00  1.265463E+00  1.480229E+00
  2.640000E+01  1.224985E+00  1.224642E+00  1.266607E+00  1.480932E+00
  2.660000E+01  1.225134E+00  1.224687E+00  1.267740E+00  1.481739E+00
  2.680000E+01  1.224704E+00  1.224742E+00  1.268205E+00  1.481785E+00
  2.700000E+01  1.225166E+00  1.225152E+00  1.268377E+00  1.482195E+00
  2.720000E+01  1.224777E+00  1.225303E+00  1.268957E+00  1.479308E+00
  2.740000E+01  1.224110E+00  1.224903E+00  1.269115E+00  1.478565E+00
  2.760000E+01  1.224131E+00  1.225442E+00  1.270189E+00  1.482134E+00
  2.780000E+01  1.224538E+00  1.225680E+00  1.271176E+00  1.483734E+00
  2.800000E+01  1.223998E+00  1.225955E+00  1.271155E+00  1.482292E+00
  2.820000E+01  1.223657E+00  1.226006E+00  1.271186E+00  1.484091E+00
  2.840000E+01  1.223437E+00  1.226123E+00  1.271900E+00  1.481711E+00
  2.860000E+01  1.223138E+00  1.226332E+00  1.273035E+00  1.477579E+00
  2.880000E+01  1.223293E+00  1.226251E+00  1.273429E+00  1.480883E+00
  2.900000E+01  1.223075E+00  1.226548E+00  1.273661E+00  1.480807E+00
  2.920000E+01  1.223561E+00  1.226800E+00  1.274544E+00  1.481840E+00
  2.940000E+01  1.223420E+00  1.226756E+00  1.274436E+00  1.480706E+00
  2.960000E+01  1.223280E+00  1.227152E+00  1.274699E+00  1.479266E+00
  2.980000E+01  1.223617E+00  1.227401E+00  1.275425E+00  1.477508E+00
  3.000000E+01  1.223878E+00  1.227530E+00  1.275201E+00  1.479586E+00
  2.000000E-01  1.205471E+00  1.220529E+00  1.253101E+00  0.000000E+00
  4.000000E-01  1.205339E+00  1.220526E+00  1.253558E+00  0.000000E+00
  6.000000E-01  1.205587E+00  1.220536E+00  1.253742E+00  0.000000E+00
  8.000000E-01  1.205453E+00  1.220514E+00  1.254067E+00  0.000000E+00
  1.000000E+00  1.205403E+00  1.220543E+00  1.254280E+00  0.000000E+00
  1.200000E+00  1.205466E+00  1.220592E+00  1.254138E+00  0.000000E+00
  1.400000E+00  1.205684E+00  1.220569E+00  1.254192E+00  0.000000E+00
  1.600000E+00  1.205632E+00  1.220541E+00  1.254224E+00  0.000000E+00
  1.800000E+00  1.205980E+00  1.220521E+00  1.254481E+00  0.000000E+00
  2.000000E+00  1.206364E+00  1.220571E+00  1.254579E+00  0.000000E+00
  2.200000E+00  1.206528E+00  1.220586E+00  1.254985E+00  0.000000E+00
  2.400000E+00  1.206489E+00  1.220484E+00  1.255182E+00  0.000000E+00
  2.600000E+00  1.206510E+00  1.220486E+00  1.255326E+00  0.000000E+00
  2.800000E+00  1.206917E+00  1.220451E+00  1.255415E+00  0.000000E+00
  3.000000E+00  1.207239E+00  1.220357E+00  1.255461E+00  0.000000E+00
  3.200000E+00  1.207305E+00  1.220311E+00  1.255651E+00  0.000000E+00
  3.400000E+00  1.207525E+00  1.220365E+00  1.255560E+00  0.000000E+00
  3.600000E+00  1.207655E+00  1.220355E+00  1.255557E+00  0.000000E+00
  3.800000E+00  1.207842E+00  1.220464E+00  1.256035E+00  0.000000E+00
  4.000000E+00  1.208033E+00  1.220415E+00  1.256215E+00  0.000000E+00
  4.200000E+00  1.208063E+00  1.220437E+00  1.256566E+00  1.500000E+00
  4.400000E+00  1.208301E+00  1.220343E+00  1.256547E+00  2.000000E+00
  4.600000E+00  1.208406E+00  1.220288E+00  1.256744E+00  2.000000E+00
  4.800000E+00  1.208855E+00  1.220299E+00  1.256390E+00  1.750000E+00
  5.000000E+00  1.209364E+00  1.220209E+00  1.256114E+00  1.750000E+00
  5.200000E+00  1.209757E+00  1.220096E+00  1.256298E+00  1.750000E+00
  5.400000E+00  1.209878E+00  1.220131E+00  1.256790E+00  1.750000E+00
  5.600000E+00  1.210255E+00  1.220073E+00  1.256053E+00  2.000000E+00
  5.800000E+00  1.210583E+00  1.220055E+00  1.256095E+00  1.666667E+00
  6.000000E+00  1.210880E+00  1.220044E+00  1.255655E+00  1.750000E+00
  6.200000E+00  1.211137E+00  1.220068E+00  1.255136E+00  1.888889E+00
  6.400000E+00  1.211261E+00  1.220142E+00  1.254876E+00  1.500000E+00
  6.600000E+00  1.211687E+00  1.220140E+00  1.254285E+00  1.533333E+00
  6.800000E+00  1.211846E+00  1.220166E+00  1.253826E+00  1.476190E+00
  7.000000E+00  1.212187E+00  1.220140E+00  1.253261E+00  1.454545E+00
  7.200000E+00  1.212394E+00  1.220191E+00  1.252666E+00  1.608696E+00
  7.400000E+00  1.212873E+00  1.220185E+00  1.251754E+00  1.620690E+00
  7.600000E+00  1.213217E+00  1.220145E+00  1.251486E+00  1.641026E+00
  7.800000E+00  1.213728E+00  1.220006E+00  1.251198E+00  1.660714E+00
  8.000000E+00  1.214526E+00  1.219877E+00  1.251123E+00  1.623188E+00
  8.200000E+00  1.215122E+00  1.219989E+00  1.250418E+00  1.536585E+00
  8.400000E+00  1.215089E+00  1.220067E+00  1.249653E+00  1.505263E+00
  8.600000E+00  1.215577E+00  1.220034E+00  1.249376E+00  1.513274E+00
  8.800000E+00  1.215875E+00  1.219983E+00  1.248900E+00  1.519685E+00
  9.000000E+00  1.216348E+00  1.220031E+00  1.247757E+00  1.483660E+00
  9.200000E+00  1.216585E+00  1.220004E+00  1.246770E+00  1.485207E+00
  9.400000E+00  1.216931E+00  1.220127E+00  1.245881E+00  1.459016E+00
  9.600000E+00  1.217161E+00  1.220172E+00  1.246062E+00  1.464455E+00
  9.800000E+00  1.217220E+00  1.219923E+00  1.245224E+00  1.463830E+00
  1.000000E+01  1.217308E+00  1.219976E+00  1.244296E+00  1.471910E+00
  1.020000E+01  1.217642E+00  1.219835E+00  1.244125E+00  1.498294E+00
  1.040000E+01  1.218026E+00  1.219920E+00  1.244257E+00  1.509434E+00
  1.060000E+01  1.218516E+00  1.219901E+00  1.244514E+00  1.497881E+00
  1.080000E+01  1.219306E+00  1.220171E+00  1.244935E+00  1.470968E+00
  1.100000E+01  1.219908E+00  1.220710E+00  1.244744E+00  1.472460E+00
  1.120000E+01  1.220580E+00  1.220924E+00  1.245470E+00  1.513666E+00
  1.140000E+01  1.221233E+00  1.221439E+00  1.245710E+00  1.501466E+00
  1.160000E+01  1.222149E+00  1.221891E+00  1.246245E+00  1.490431E+00
  1.180000E+01  1.222999E+00  1.222427E+00  1.246968E+00  1.504399E+00
  1.200000E+01  1.223891E+00  1.222966E+00  1.247681E+00  1.520352E+00
  1.220000E+01  1.224459E+00  1.223036E+00  1.247455E+00  1.518409E+00
  1.240000E+01  1.224815E+00  1.223127E+00  1.247632E+00  1.517601E+00
  1.260000E+01  1.225100E+00  1.223220E+00  1.247376E+00  1.532647E+00
  1.280000E+01  1.225406E+00  1.223329E+00  1.247935E+00  1.535329E+00
  1.300000E+01  1.225876E+00  1.223370E+00  1.248197E+00  1.559433E+00
  1.320000E+01  1.226274E+00  1.223261E+00  1.248911E+00  1.572734E+00
  1.340000E+01  1.226356E+00  1.223159E+00  1.248922E+00  1.557011E+00
  1.360000E+01  1.226559E+00  1.223044E+00  1.248983E+00  1.538875E+00
  1.380000E+01  1.226894E+00  1.223089E+00  1.248817E+00  1.533102E+00
  1.400000E+01  1.227004E+00  1.222862E+00  1.248925E+00  1.508981E+00
  1.420000E+01  1.227654E+00  1.223259E+00  1.249425E+00  1.514703E+00
  1.440000E+01  1.227760E+00  1.223071E+00  1.249259E+00  1.505069E+00
  1.460000E+01  1.227943E+00  1.223135E+00  1.249054E+00  1.491046E+00
  1.480000E+01  1.227163E+00  1.222232E+00  1.248880E+00  1.485689E+00
  1.500000E+01  1.227222E+00  1.221987E+00  1.248868E+00  1.496454E+00
  1.520000E+01  1.226953E+00  1.221704E+00  1.249032E+00  1.497183E+00
  1.540000E+01  1.227486E+00  1.222119E+00  1.248873E+00  1.494899E+00
  1.560000E+01  1.227358E+00  1.221529E+00  1.248754E+00  1.508705E+00
  1.580000E+01  1.227268E+00  1.221152E+00  1.248239E+00  1.516543E+00
  1.600000E+01  1.226674E+00  1.220365E+00  1.247323E+00  1.516082E+00
  1.620000E+01  1.226588E+00  1.220166E+00  1.247464E+00  1.512962E+00
  1.640000E+01  1.226508E+00  1.219774E+00  1.247548E+00  1.503931E+00
  1.660000E+01  1.226494E+00  1.219575E+00  1.247506E+00  1.492313E+00
  1.680000E+01  1.225957E+00  1.218970E+00  1.246921E+00  1.486056E+00
  1.700000E+01  1.225600E+00  1.218482E+00  1.246881E+00  1.481643E+00
  1.720000E+01  1.225838E+00  1.218756E+00  1.246820E+00  1.480662E+00
  1.740000E+01  1.225802E+00  1.218642E+00  1.247755E+00  1.482976E+00
  1.760000E+01  1.225474E+00  1.218262E+00  1.247409E+00  1.484923E+00
  1.780000E+01  1.225791E+00  1.218450E+00  1.247546E+00  1.483841E+00
  1.800000E+01  1.225418E+00  1.217900E+00  1.247055E+00  1.489514E+00
  1.820000E+01  1.225709E+00  1.218080E+00  1.246840E+00  1.478163E+00
  1.840000E+01  1.225660E+00  1.218120E+00  1.247250E+00  1.488732E+00
  1.860000E+01  1.225113E+00  1.217692E+00  1.246526E+00  1.495591E+00
  1.880000E+01  1.225491E+00  1.218244E+00  1.247029E+00  1.495169E+00
  1.900000E+01  1.225891E+00  1.218432E+00  1.247069E+00  1.495047E+00
  1.920000E+01  1.224474E+00  1.217230E+00  1.245951E+00  1.494182E+00
  1.940000E+01  1.224814E+00  1.217645E+00  1.246870E+00  1.490035E+00
  1.960000E+01  1.224916E+00  1.217851E+00  1.246208E+00  1.496189E+00
  1.980000E+01  1.224685E+00  1.217647E+00  1.246412E+00  1.496292E+00
  2.000000E+01  1.224145E+00  1.217348E+00  1.246328E+00  1.495155E+00
  2.020000E+01  1.224212E+00  1.217232E+00  1.246747E+00  1.494316E+00
  2.040000E+01  1.224652E+00  1.217660E+00  1.247710E+00  1.503884E+00
  2.060000E+01  1.224758E+00  1.217715E+00  1.247881E+00  1.502147E+00
  2.080000E+01  1.224613E+00  1.218002E+00  1.248384E+00  1.503640E+00
  2.100000E+01  1.224479E+00  1.218191E+00  1.248218E+00  1.507765E+00
  2.120000E+01  1.224039E+00  1.218078E+00  1.247970E+00  1.507378E+00
  2.140000E+01  1.223502E+00  1.217817E+00  1.248525E+00  1.505736E+00
  2.160000E+01  1.223131E+00  1.217838E+00  1.248912E+00  1.504082E+00
  2.180000E+01  1.223511E+00  1.218105E+00  1.248595E+00  1.508263E+00
  2.200000E+01  1.224051E+00  1.218813E+00  1.250403E+00  1.502716E+00
  2.220000E+01  1.224059E+00  1.218896E+00  1.251321E+00  1.504092E+00
  2.240000E+01  1.223996E+00  1.218830E+00  1.251161E+00  1.501859E+00
  2.260000E+01  1.224780E+00  1.219643E+00  1.252185E+00  1.505488E+00
  2.280000E+01  1.225401E+00  1.220356E+00  1.253545E+00  1.510691E+00
  2.300000E+01  1.225692E+00  1.220533E+00  1.254001E+00  1.514001E+00
  2.320000E+01  1.225213E+00  1.220486E+00  1.254438E+00  1.508085E+00
  2.340000E+01  1.225630E+00  1.220909E+00  1.254172E+00  1.507632E+00
  2.360000E+01  1.225986E+00  1.221412E+00  1.254839E+00  1.511258E+00
  2.380000E+01  1.226377E+00  1.221376E+00  1.255639E+00  1.507862E+00
  2.400000E+01  1.226377E+00  1.221449E+00  1.257049E+00  1.518419E+00
  2.420000E+01  1.226706E+00  1.221801E+00  1.258401E+00  1.516825E+00
  2.440000E+01  1.227198E+00  1.222585E+00  1.259972E+00  1.517052E+00
  2.460000E+01  1.227327E+00  1.222962E+00  1.261033E+00  1.511767E+00
  2.480000E+01  1.227506E+00  1.223107E+00  1.261382E+00  1.516811E+00
  2.500000E+01  1.227730E+00  1.223154E+00  1.262027E+00  1.508598E+00
  2.520000E+01  1.227676E+00  1.223090E+00  1.262665E+00  1.511287E+00
  2.540000E+01  1.227600E+00  1.223442E+00  1.263798E+00  1.511108E+00
  2.560000E+01  1.227208E+00  1.223955E+00  1.264135E+00  1.511546E+00
  2.580000E+01  1.226803E+00  1.223551E+00  1.266183E+00  1.508441E+00
  2.600000E+01  1.226796E+00  1.224259E+00  1.266754E+00  1.509461E+00
  2.620000E+01  1.226916E+00  1.224940E+00  1.267394E+00  1.511016E+00
  2.640000E+01  1.226052E+00  1.225215E+00  1.267737E+00  1.505772E+00
  2.660000E+01  1.225894E+00  1.225440E+00  1.268501E+00  1.506146E+00
  2.680000E+01  1.225805E+00  1.225843E+00  1.268981E+00  1.502060E+00
  2.700000E+01  1.225579E+00  1.225807E+00  1.269430E+00  1.499487E+00
  2.720000E+01  1.224917E+00  1.225918E+00  1.269748E+00  1.505579E+00
  2.740000E+01  1.224902E+00  1.226137E+00  1.270233E+00  1.505182E+00
  2.760000E+01  1.224294E+00  1.225802E+00  1.270322E+00  1.505363E+00
  2.780000E+01  1.224047E+00  1.226312E+00  1.270650E+00  1.508416E+00
  2.800000E+01  1.224008E+00  1.226450E+00  1.271741E+00  1.509028E+00
  2.820000E+01  1.224366E+00  1.226690E+00  1.273267E+00  1.508625E+00
  2.840000E+01  1.223972E+00  1.227010E+00  1.273808E+00  1.508217E+00
  2.860000E+01  1.223903E+00  1.227281E+00  1.273103E+00  1.510850E+00
  2.880000E+01  1.223610E+00  1.227441E+00  1.273602E+00  1.516186E+00
  2.900000E+01  1.223354E+00  1.227219E+00  1.274163E+00  1.513320E+00
  2.920000E+01  1.223371E+00  1.227615E+00  1.274108E+00  1.512158E+00
  2.940000E+01  1.223381E+00  1.227369E+00  1.274304E+00  1.514640E+00
  2.960000E+01  1.223379E+00  1.227561E+00  1.274399E+00  1.513179E+00
  2.980000E+01  1.223158E+00  1.227754E+00  1.274385E+00  1.512600E+00
  3.000000E+01  1.223072E+00  1.228190E+00  1.275715E+00  1.511272E+00
  2.000000E-01  1.205954E+00  1.220147E+00  1.252853E+00  0.000000E+00
  4.000000E-01  1.205862E+00  1.220238E+00  1.253146E+00  0.000000E+00
  6.000000E-01  1.205637E+00  1.220288E+00  1.253264E+00  0.000000E+00
  8.000000E-01  1.205504E+00  1.220308E+00  1.253559E+00  0.000000E+00
  1.000000E+00  1.205757E+00  1.220350E+00  1.254014E+00  0.000000E+00
  1.200000E+00  1.206081E+00  1.220325E+00  1.254170E+00  0.000000E+00
  1.400000E+00  1.206411E+00  1.220302E+00  1.254672E+00  0.000000E+00
  1.600000E+00  1.206456E+00  1.220232E+00  1.254676E+00  0.000000E+00
  1.800000E+00  1.206322E+00  1.220202E+00  1.254794E+00  1.500000E+00
  2.000000E+00  1.206320E+00  1.220305E+00  1.255197E+00  1.500000E+00
  2.200000E+00  1.206753E+00  1.220264E+00  1.255225E+00  1.500000E+00
  2.400000E+00  1.207007E+00  1.220342E+00  1.255512E+00  1.500000E+00
  2.600000E+00  1.207371E+00  1.220262E+00  1.255433E+00  1.500000E+00
  2.800000E+00  1.207465E+00  1.220295E+00  1.255445E+00  1.500000E+00
  3.000000E+00  1.207346E+00  1.220252E+00  1.255757E+00  1.500000E+00
  3.200000E+00  1.207401E+00  1.220248E+00  1.255450E+00  1.500000E+00
  3.400000E+00  1.207654E+00  1.220234E+00  1.255685E+00  1.500000E+00
  3.600000E+00  1.207611E+00  1.220160E+00  1.255738E+00  1.500000E+00
  3.800000E+00  1.207832E+00  1.220132E+00  1.255786E+00  2.000000E+00
  4.000000E+00  1.208267E+00  1.220191E+00  1.255603E+00  2.000000E+00
  4.200000E+00  1.208717E+00  1.220198E+00  1.256119E+00  1.666667E+00
  4.400000E+00  1.208927E+00  1.220308E+00  1.256331E+00  1.666667E+00
  4.600000E+00  1.209421E+00  1.220290E+00  1.256386E+00  1.666667E+00
  4.800000E+00  1.209693E+00  1.220248E+00  1.256787E+00  1.750000E+00
  5.000000E+00  1.209694E+00  1.220151E+00  1.256892E+00  2.000000E+00
  5.200000E+00  1.210144E+00  1.220067E+00  1.256825E+00  2.000000E+00
  5.400000E+00  1.210320E+00  1.220016E+00  1.256653E+00  2.000000E+00
  5.600000E+00  1.210526E+00  1.220002E+00  1.256326E+00  2.500000E+00
  5.800000E+00  1.210712E+00  1.219928E+00  1.255935E+00  2.750000E+00
  6.000000E+00  1.210794E+00  1.219770E+00  1.255472E+00  2.125000E+00
  6.200000E+00  1.211144E+00  1.219829E+00  1.255301E+00  1.909091E+00
  6.400000E+00  1.211473E+00  1.219881E+00  1.254541E+00  1.909091E+00
  6.600000E+00  1.211770E+00  1.219830E+00  1.254436E+00  1.800000E+00
  6.800000E+00  1.212169E+00  1.219756E+00  1.254125E+00  1.812500E+00
  7.000000E+00  1.212688E+00  1.219823E+00  1.253819E+00  1.809524E+00
  7.200000E+00  1.213065E+00  1.219853E+00  1.253177E+00  1.833333E+00
  7.400000E+00  1.213177E+00  1.219876E+00  1.252672E+00  1.705882E+00
  7.600000E+00  1.213607E+00  1.219860E+00  1.252104E+00  1.636364E+00
  7.800000E+00  1.214182E+00  1.219915E+00  1.251759E+00  1.592593E+00
  8.000000E+00  1.214448E+00  1.219803E+00  1.251070E+00  1.600000E+00
  8.200000E+00  1.214775E+00  1.219934E+00  1.249986E+00  1.625000E+00
  8.400000E+00  1.215066E+00  1.220002E+00  1.249328E+00  1.650000E+00
  8.600000E+00  1.215125E+00  1.219892E+00  1.248839E+00  1.680412E+00
  8.800000E+00  1.215551E+00  1.219859E+00  1.248354E+00  1.675926E+00
  9.000000E+00  1.215827E+00  1.219910E+00  1.247687E+00  1.661157E+00
  9.200000E+00  1.216013E+00  1.219921E+00  1.247216E+00  1.701493E+00
  9.400000E+00  1.216493E+00  1.219857E+00  1.246882E+00  1.732394E+00
  9.600000E+00  1.216466E+00  1.219853E+00  1.246144E+00  1.672727E+00
  9.800000E+00  1.216580E+00  1.219848E+00  1.245602E+00  1.718232E+00
  1.000000E+01  1.217023E+00  1.219860E+00  1.244466E+00  1.672986E+00
  1.020000E+01  1.217501E+00  1.220016E+00  1.244548E+00  1.612167E+00
  1.040000E+01  1.217916E+00  1.220089E+00  1.244943E+00  1.592233E+00
  1.060000E+01  1.218478E+00  1.220333E+00  1.244715E+00  1.512195E+00
  1.080000E+01  1.218801E+00  1.220491E+00  1.244723E+00  1.545455E+00
  1.100000E+01  1.219500E+00  1.220986E+00  1.244986E+00  1.507692E+00
  1.120000E+01  1.220312E+00  1.221239E+00  1.245046E+00  1.529586E+00
  1.140000E+01  1.220823E+00  1.221537E+00  1.245002E+00  1.534483E+00
  1.160000E+01  1.221563E+00  1.222126E+00  1.245321E+00  1.543558E+00
  1.180000E+01  1.222262E+00  1.222554E+00  1.245713E+00  1.520875E+00
  1.200000E+01  1.223342E+00  1.223160E+00  1.246160E+00  1.534904E+00
  1.220000E+01  1.223954E+00  1.223473E+00  1.246375E+00  1.524907E+00
  1.240000E+01  1.224846E+00  1.223957E+00  1.247661E+00  1.518689E+00
  1.260000E+01  1.225442E+00  1.224166E+00  1.247590E+00  1.511813E+00
  1.280000E+01  1.225467E+00  1.223795E+00  1.247946E+00  1.527671E+00
  1.300000E+01  1.225641E+00  1.223766E+00  1.248245E+00  1.530261E+00
  1.320000E+01  1.226559E+00  1.224230E+00  1.249432E+00  1.531339E+00
  1.340000E+01  1.226819E+00  1.224165E+00  1.249309E+00  1.522565E+00
  1.360000E+01  1.227888E+00  1.224737E+00  1.249812E+00  1.530154E+00
  1.380000E+01  1.227253E+00  1.223861E+00  1.249448E+00  1.508076E+00
  1.400000E+01  1.227108E+00  1.223343E+00  1.249218E+00  1.508578E+00
  1.420000E+01  1.227620E+00  1.223522E+00  1.249771E+00  1.507678E+00
  1.440000E+01  1.227503E+00  1.222969E+00  1.248987E+00  1.506402E+00
  1.460000E+01  1.227455E+00  1.222442E+00  1.249825E+00  1.505630E+00
  1.480000E+01  1.227368E+00  1.222169E+00  1.249142E+00  1.487663E+00
  1.500000E+01  1.227409E+00  1.222066E+00  1.248988E+00  1.484561E+00
  1.520000E+01  1.226144E+00  1.220729E+00  1.248285E+00  1.479025E+00
  1.540000E+01  1.226082E+00  1.220382E+00  1.247648E+00  1.475316E+00
  1.560000E+01  1.226096E+00  1.220030E+00  1.247441E+00  1.473684E+00
  1.580000E+01  1.225365E+00  1.219559E+00  1.247177E+00  1.480738E+00
  1.600000E+01  1.225538E+00  1.219322E+00  1.246952E+00  1.485481E+00
  1.620000E+01  1.225162E+00  1.218749E+00  1.246765E+00  1.481535E+00
  1.640000E+01  1.225149E+00  1.218582E+00  1.246749E+00  1.473718E+00
  1.660000E+01  1.225233E+00  1.218859E+00  1.247881E+00  1.476320E+00
  1.680000E+01  1.224845E+00  1.218556E+00  1.247045E+00  1.475107E+00
  1.700000E+01  1.224011E+00  1.217776E+00  1.246733E+00  1.469806E+00
  1.720000E+01  1.224033E+00  1.217704E+00  1.247209E+00  1.482007E+00
  1.740000E+01  1.224300E+00  1.217712E+00  1.246236E+00  1.483761E+00
  1.760000E+01  1.224168E+00  1.217490E+00  1.246060E+00  1.479785E+00
  1.780000E+01  1.223541E+00  1.216597E+00  1.245111E+00  1.487436E+00
  1.800000E+01  1.223486E+00  1.216463E+00  1.244810E+00  1.491507E+00
  1.820000E+01  1.223503E+00  1.216457E+00  1.245393E+00  1.501524E+00
  1.840000E+01  1.223960E+00  1.216602E+00  1.245509E+00  1.496891E+00
  1.860000E+01  1.223745E+00  1.216635E+00  1.244952E+00  1.495042E+00
  1.880000E+01  1.223378E+00  1.216170E+00  1.245294E+00  1.499549E+00
  1.900000E+01  1.223144E+00  1.216004E+00  1.245227E+00  1.493803E+00
  1.920000E+01  1.222885E+00  1.215774E+00  1.244905E+00  1.488826E+00
  1.940000E+01  1.223236E+00  1.215773E+00  1.245103E+00  1.485857E+00
  1.960000E+01  1.222859E+00  1.215741E+00  1.245062E+00  1.486609E+00
  1.980000E+01  1.222701E+00  1.215679E+00  1.244425E+00  1.491798E+00
  2.000000E+01  1.223209E+00  1.216262E+00  1.244715E+00  1.487731E+00
  2.020000E+01  1.222769E+00  1.216259E+00  1.243819E+00  1.480064E+00
  2.040000E+01  1.222716E+00  1.216300E+00  1.243731E+00  1.475125E+00
  2.060000E+01  1.223027E+00  1.216707E+00  1.244358E+00  1.475000E+00
  2.080000E+01  1.223219E+00  1.217104E+00  1.244358E+00  1.475096E+00
  2.100000E+01  1.222814E+00  1.217070E+00  1.244155E+00  1.474033E+00
  2.120000E+01  1.223160E+00  1.217443E+00  1.245171E+00  1.475028E+00
  2.140000E+01  1.224328E+00  1.218310E+00  1.246225E+00  1.475925E+00
  2.160000E+01  1.224689E+00  1.218823E+00  1.246568E+00  1.480288E+00
  2.180000E+01  1.224622E+00  1.218861E+00  1.246877E+00  1.476099E+00
  2.200000E+01  1.225041E+00  1.219150E+00  1.248070E+00  1.474884E+00
  2.220000E+01  1.225284E+00  1.219602E+00  1.249442E+00  1.478196E+00
  2.240000E+01  1.225466E+00  1.219972E+00  1.249507E+00  1.479723E+00
  2.260000E+01  1.226151E+00  1.220737E+00  1.250463E+00  1.478396E+00
  2.280000E+01  1.226540E+00  1.221193E+00  1.251598E+00  1.473344E+00
  2.300000E+01  1.226486E+00  1.221473E+00  1.251903E+00  1.478208E+00
  2.320000E+01  1.226697E+00  1.221922E+00  1.252809E+00  1.480826E+00
  2.340000E+01  1.227022E+00  1.221895E+00  1.253440E+00  1.481219E+00
  2.360000E+01  1.226545E+00  1.221732E+00  1.254500E+00  1.476690E+00
  2.380000E+01  1.227228E+00  1.221886E+00  1.255292E+00  1.478336E+00
  2.400000E+01  1.227254E+00  1.221652E+00  1.256257E+00  1.480873E+00
  2.420000E+01  1.227221E+00  1.221989E+00  1.256292E+00  1.480623E+00
  2.440000E+01  1.227293E+00  1.222799E+00  1.257100E+00  1.479286E+00
  2.460000E+01  1.227632E+00  1.223009E+00  1.257796E+00  1.483816E+00
  2.480000E+01  1.228270E+00  1.223543E+00  1.258041E+00  1.483737E+00
  2.500000E+01  1.228233E+00  1.223992E+00  1.259036E+00  1.487773E+00
  2.520000E+01  1.228365E+00  1.224308E+00  1.259989E+00  1.485376E+00
  2.540000E+01  1.228152E+00  1.224288E+00  1.259842E+00  1.484564E+00
  2.560000E+01  1.228264E+00  1.224364E+00  1.260629E+00  1.488450E+00
  2.580000E+01  1.227926E+00  1.225061E+00  1.261277E+00  1.490653E+00
  2.600000E+01  1.227664E+00  1.225311E+00  1.261978E+00  1.491891E+00
  2.620000E+01  1.227409E+00  1.225645E+00  1.263218E+00  1.492366E+00
  2.640000E+01  1.227378E+00  1.226238E+00  1.264072E+00  1.490875E+00
  2.660000E+01  1.227211E+00  1.226454E+00  1.264870E+00  1.495307E+00
  2.680000E+01  1.226436E+00  1.226670E+00  1.265604E+00  1.496085E+00
  2.700000E+01  1.226041E+00  1.227136E+00  1.265699E+00  1.493897E+00
  2.720000E+01  1.225525E+00  1.226941E+00  1.265983E+00  1.491224E+00
  2.740000E+01  1.225706E+00  1.227362E+00  1.266738E+00  1.490991E+00
  2.760000E+01  1.225534E+00  1.227431E+00  1.267240E+00  1.492002E+00
  2.780000E+01  1.225348E+00  1.227622E+00  1.267894E+00  1.493383E+00
  2.800000E+01  1.225170E+00  1.227915E+00  1.268965E+00  1.495510E+00
  2.820000E+01  1.225019E+00  1.227621E+00  1.269025E+00  1.492350E+00
  2.840000E+01  1.224334E+00  1.227761E+00  1.269290E+00  1.492060E+00
  2.860000E+01  1.224537E+00  1.227912E+00  1.269794E+00  1.495543E+00
  2.880000E+01  1.223991E+00  1.228254E+00  1.270334E+00  1.493393E+00
  2.900000E+01  1.224085E+00  1.228373E+00  1.270233E+00  1.494261E+00
  2.920000E+01  1.223846E+00  1.228199E+00  1.270757E+00  1.494025E+00
  2.940000E+01  1.223782E+00  1.228418E+00  1.270980E+00  1.495820E+00
  2.960000E+01  1.223299E+00  1.228325E+00  1.271949E+00  1.497726E+00
  2.980000E+01  1.223073E+00  1.228348E+00  1.271937E+00  1.496443E+00
  3.000000E+01  1.222933E+00  1.228584E+00  1.271664E+00  1.500245E+00
  2.000000E-01  1.203456E+00  1.220089E+00  1.252388E+00  0.000000E+00
  4.000000E-01  1.203502E+00  1.220039E+00  1.252798E+00  0.000000E+00
  6.000000E-01  1.203507E+00  1.220047E+00  1.253268E+00  0.000000E+00
  8.000000E-01  1.203703E+00  1.219983E+00  1.253585E+00  0.000000E+00
  1.000000E+00  1.203803E+00  1.219915E+00  1.253771E+00  0.000000E+00
  1.200000E+00  1.203857E+00  1.219867E+00  1.253922E+00  0.000000E+00
  1.400000E+00  1.203635E+00  1.219987E+00  1.253886E+00  0.000000E+00
  1.600000E+00  1.203913E+00  1.219995E+00  1.254098E+00  0.000000E+00
  1.800000E+00  1.204195E+00  1.219957E+00  1.254065E+00  0.000000E+00
  2.000000E+00  1.204334E+00  1.219967E+00  1.254440E+00  0.000000E+00
  2.200000E+00  1.204506E+00  1.220004E+00  1.254831E+00  0.000000E+00
  2.400000E+00  1.204514E+00  1.219996E+00  1.254793E+00  0.000000E+00
  2.600000E+00  1.204619E+00  1.220010E+00  1.254990E+00  0.000000E+00
  2.800000E+00  1.205103E+00  1.220010E+00  1.255700E+00  0.000000E+00
  3.000000E+00  1.205417E+00  1.220001E+00  1.255823E+00  0.000000E+00
  3.200000E+00  1.205406E+00  1.219963E+00  1.255774E+00  0.000000E+00
  3.400000E+00  1.205363E+00  1.220008E+00  1.255585E+00  0.000000E+00
  3.600000E+00  1.205588E+00  1.219935E+00  1.255903E+00  0.000000E+00
  3.800000E+00  1.205853E+00  1.219941E+00  1.255856E+00  0.000000E+00
  4.000000E+00  1.206317E+00  1.219963E+00  1.255853E+00  0.000000E+00
  4.200000E+00  1.206474E+00  1.219911E+00  1.255739E+00  0.000000E+00
  4.400000E+00  1.206714E+00  1.219947E+00  1.256062E+00  0.000000E+00
  4.600000E+00  1.207218E+00  1.219958E+00  1.256055E+00  0.000000E+00
  4.800000E+00  1.207341E+00  1.219870E+00  1.256037E+00  0.000000E+00
  5.000000E+00  1.207525E+00  1.219832E+00  1.255760E+00  1.500000E+00
  5.200000E+00  1.207942E+00  1.219766E+00  1.255543E+00  1.500000E+00
  5.400000E+00  1.208082E+00  1.219855E+00  1.255753E+00  2.000000E+00
  5.600000E+00  1.208305E+00  1.219815E+00  1.255623E+00  2.000000E+00
  5.800000E+00  1.208695E+00  1.219854E+00  1.255513E+00  1.600000E+00
  6.000000E+00  1.209139E+00  1.219959E+00  1.255145E+00  1.500000E+00
  6.200000E+00  1.209905E+00  1.219907E+00  1.255464E+00  1.454545E+00
  6.400000E+00  1.210311E+00  1.219900E+00  1.254650E+00  1.294118E+00
  6.600000E+00  1.210720E+00  1.219901E+00  1.254500E+00  1.368421E+00
  6.800000E+00  1.211011E+00  1.219996E+00  1.254518E+00  1.333333E+00
  7.000000E+00  1.211677E+00  1.219989E+00  1.254156E+00  1.266667E+00
  7.200000E+00  1.212182E+00  1.220023E+00  1.253220E+00  1.305556E+00
  7.400000E+00  1.212642E+00  1.220009E+00  1.253122E+00  1.341463E+00
  7.600000E+00  1.213011E+00  1.219973E+00  1.252105E+00  1.367347E+00
  7.800000E+00  1.213281E+00  1.219954E+00  1.251315E+00  1.440678E+00
  8.000000E+00  1.213745E+00  1.220009E+00  1.250299E+00  1.417910E+00
  8.200000E+00  1.214076E+00  1.220012E+00  1.249935E+00  1.466667E+00
  8.400000E+00  1.214362E+00  1.219999E+00  1.249256E+00  1.493976E+00
  8.600000E+00  1.214536E+00  1.219889E+00  1.249119E+00  1.474227E+00
  8.800000E+00  1.215039E+00  1.219795E+00  1.248214E+00  1.527778E+00
  9.000000E+00  1.215286E+00  1.219758E+00  1.247090E+00  1.539062E+00
  9.200000E+00  1.215474E+00  1.219840E+00  1.246439E+00  1.490066E+00
  9.400000E+00  1.215690E+00  1.219787E+00  1.245885E+00  1.528302E+00
  9.600000E+00  1.215765E+00  1.219719E+00  1.246006E+00  1.516667E+00
  9.800000E+00  1.216088E+00  1.219850E+00  1.245610E+00  1.533679E+00
  1.000000E+01  1.216507E+00  1.219944E+00  1.245017E+00  1.545455E+00
  1.020000E+01  1.216980E+00  1.220045E+00  1.244909E+00  1.553279E+00
  1.040000E+01  1.217221E+00  1.219972E+00  1.244394E+00  1.531148E+00
  1.060000E+01  1.217948E+00  1.220123E+00  1.244048E+00  1.520305E+00
  1.080000E+01  1.218586E+00  1.220465E+00  1.244206E+00  1.534884E+00
  1.100000E+01  1.219379E+00  1.220625E+00  1.244805E+00  1.503429E+00
  1.120000E+01  1.219911E+00  1.220891E+00  1.244596E+00  1.526151E+00
  1.140000E+01  1.220568E+00  1.221108E+00  1.244427E+00  1.492138E+00
  1.160000E+01  1.221328E+00  1.221681E+00  1.244734E+00  1.512226E+00
  1.180000E+01  1.222236E+00  1.222073E+00  1.246174E+00  1.520952E+00
  1.200000E+01  1.222664E+00  1.222271E+00  1.246296E+00  1.544974E+00
  1.220000E+01  1.223106E+00  1.222184E+00  1.246298E+00  1.544706E+00
  1.240000E+01  1.223806E+00  1.222568E+00  1.246784E+00  1.538563E+00
  1.260000E+01  1.223963E+00  1.222380E+00  1.246784E+00  1.540621E+00
  1.280000E+01  1.224662E+00  1.222788E+00  1.246887E+00  1.517251E+00
  1.300000E+01  1.225452E+00  1.222913E+00  1.247340E+00  1.509264E+00
  1.320000E+01  1.225846E+00  1.222940E+00  1.248116E+00  1.513779E+00
  1.340000E+01  1.226358E+00  1.222969E+00  1.248215E+00  1.518274E+00
  1.360000E+01  1.226648E+00  1.223054E+00  1.248124E+00  1.512329E+00
  1.380000E+01  1.226906E+00  1.222801E+00  1.247909E+00  1.506347E+00
  1.400000E+01  1.226813E+00  1.222619E+00  1.247557E+00  1.516462E+00
  1.420000E+01  1.226686E+00  1.222183E+00  1.247293E+00  1.501223E+00
  1.440000E+01  1.227054E+00  1.222334E+00  1.247874E+00  1.501097E+00
  1.460000E+01  1.226959E+00  1.221928E+00  1.247637E+00  1.487442E+00
  1.480000E+01  1.226681E+00  1.221273E+00  1.246898E+00  1.492900E+00
  1.500000E+01  1.226623E+00  1.221190E+00  1.246967E+00  1.491017E+00
  1.520000E+01  1.226254E+00  1.220663E+00  1.246822E+00  1.497406E+00
  1.540000E+01  1.226615E+00  1.220589E+00  1.246587E+00  1.503872E+00
  1.560000E+01  1.226997E+00  1.220723E+00  1.246463E+00  1.503397E+00
  1.580000E+01  1.227118E+00  1.220640E+00  1.246736E+00  1.502273E+00
  1.600000E+01  1.226616E+00  1.219876E+00  1.245914E+00  1.503318E+00
  1.620000E+01  1.226855E+00  1.219841E+00  1.246033E+00  1.508815E+00
  1.640000E+01  1.227231E+00  1.220090E+00  1.246181E+00  1.510217E+00
  1.660000E+01  1.226386E+00  1.219413E+00  1.245389E+00  1.508109E+00
  1.680000E+01  1.226330E+00  1.218908E+00  1.245531E+00  1.505546E+00
  1.700000E+01  1.226265E+00  1.218624E+00  1.245455E+00  1.496735E+00
  1.720000E+01  1.226089E+00  1.218449E+00  1.244900E+00  1.484471E+00
  1.740000E+01  1.226085E+00  1.218453E+00  1.245347E+00  1.480106E+00
  1.760000E+01  1.225033E+00  1.217548E+00  1.244675E+00  1.483248E+00
  1.780000E+01  1.223516E+00  1.216422E+00  1.242985E+00  1.494844E+00
  1.800000E+01  1.223654E+00  1.216591E+00  1.242337E+00  1.498467E+00
  1.820000E+01  1.223202E+00  1.215910E+00  1.241979E+00  1.499010E+00
  1.840000E+01  1.223391E+00  1.216219E+00  1.242291E+00  1.487566E+00
  1.860000E+01  1.222510E+00  1.215686E+00  1.241444E+00  1.487153E+00
  1.880000E+01  1.222257E+00  1.215352E+00  1.241175E+00  1.479982E+00
  1.900000E+01  1.222685E+00  1.215736E+00  1.242299E+00  1.476416E+00
  1.920000E+01  1.222695E+00  1.215762E+00  1.242471E+00  1.475722E+00
  1.940000E+01  1.222392E+00  1.215946E+00  1.242735E+00  1.479203E+00
  1.960000E+01  1.222310E+00  1.215564E+00  1.242602E+00  1.476690E+00
  1.980000E+01  1.222579E+00  1.215465E+00  1.242296E+00  1.471731E+00
  2.000000E+01  1.223232E+00  1.216334E+00  1.242462E+00  1.471679E+00
  2.020000E+01  1.223684E+00  1.216822E+00  1.242911E+00  1.471143E+00
  2.040000E+01  1.223545E+00  1.217208E+00  1.243054E+00  1.470680E+00
  2.060000E+01  1.224088E+00  1.217374E+00  1.243221E+00  1.474439E+00
  2.080000E+01  1.223965E+00  1.217245E+00  1.243041E+00  1.474550E+00
  2.100000E+01  1.224678E+00  1.217608E+00  1.244288E+00  1.471714E+00
  2.120000E+01  1.225251E+00  1.218102E+00  1.244727E+00  1.478340E+00
  2.140000E+01  1.225425E+00  1.218698E+00  1.245083E+00  1.485158E+00
  2.160000E+01  1.226272E+00  1.218951E+00  1.245121E+00  1.491008E+00
  2.180000E+01  1.225721E+00  1.218622E+00  1.245710E+00  1.483947E+00
  2.200000E+01  1.225728E+00  1.219051E+00  1.246279E+00  1.480088E+00
  2.220000E+01  1.225832E+00  1.219387E+00  1.247270E+00  1.477494E+00
  2.240000E+01  1.226299E+00  1.220129E+00  1.247900E+00  1.473612E+00
  2.260000E+01  1.226513E+00  1.220595E+00  1.248677E+00  1.474800E+00
  2.280000E+01  1.225987E+00  1.220374E+00  1.248163E+00  1.475119E+00
  2.300000E+01  1.225832E+00  1.220002E+00  1.248416E+00  1.478479E+00
  2.320000E+01  1.226543E+00  1.220656E+00  1.248674E+00  1.476261E+00
  2.340000E+01  1.227268E+00  1.221121E+00  1.250193E+00  1.472379E+00
  2.360000E+01  1.227309E+00  1.221219E+00  1.251189E+00  1.479326E+00
  2.380000E+01  1.226813E+00  1.221488E+00  1.252214E+00  1.477461E+00
  2.400000E+01  1.226622E+00  1.222005E+00  1.253700E+00  1.484219E+00
  2.420000E+01  1.226603E+00  1.222323E+00  1.255135E+00  1.484808E+00
  2.440000E+01  1.226419E+00  1.222546E+00  1.255720E+00  1.484917E+00
  2.460000E+01  1.226167E+00  1.222790E+00  1.256103E+00  1.489483E+00
  2.480000E+01  1.226412E+00  1.222999E+00  1.256430E+00  1.492216E+00
  2.500000E+01  1.226479E+00  1.223665E+00  1.257427E+00  1.495065E+00
  2.520000E+01  1.226143E+00  1.223705E+00  1.258051E+00  1.493830E+00
  2.540000E+01  1.226795E+00  1.224232E+00  1.259024E+00  1.494366E+00
  2.560000E+01  1.227251E+00  1.224338E+00  1.259958E+00  1.496076E+00
  2.580000E+01  1.227073E+00  1.224715E+00  1.261263E+00  1.493867E+00
  2.600000E+01  1.226944E+00  1.224780E+00  1.261855E+00  1.493765E+00
  2.620000E+01  1.226540E+00  1.224595E+00  1.262227E+00  1.491335E+00
  2.640000E+01  1.226519E+00  1.224608E+00  1.262983E+00  1.489049E+00
  2.660000E+01  1.226684E+00  1.225386E+00  1.263568E+00  1.490486E+00
  2.680000E+01  1.226604E+00  1.225806E+00  1.263778E+00  1.491784E+00
  2.700000E+01  1.226675E+00  1.226410E+00  1.265347E+00  1.495705E+00
  2.720000E+01  1.226728E+00  1.226424E+00  1.265115E+00  1.493417E+00
  2.740000E+01  1.226233E+00  1.226752E+00  1.265824E+00  1.498022E+00
  2.760000E+01  1.225984E+00  1.226729E+00  1.266111E+00  1.499426E+00
  2.780000E+01  1.225723E+00  1.226899E+00  1.267171E+00  1.502548E+00
  2.800000E+01  1.225937E+00  1.226723E+00  1.267501E+00  1.500952E+00
  2.820000E+01  1.225055E+00  1.226843E+00  1.267710E+00  1.504382E+00
  2.840000E+01  1.224456E+00  1.226555E+00  1.268257E+00  1.502343E+00
  2.860000E+01  1.224411E+00  1.226486E+00  1.269364E+00  1.504993E+00
  2.880000E+01  1.223568E+00  1.226410E+00  1.269649E+00  1.505615E+00
  2.900000E+01  1.223800E+00  1.226495E+00  1.270099E+00  1.507367E+00
  2.920000E+01  1.223591E+00  1.226881E+00  1.270827E+00  1.506351E+00
  2.940000E+01  1.223780E+00  1.227252E+00  1.270252E+00  1.509427E+00
  2.960000E+01  1.223401E+00  1.227327E+00  1.270481E+00  1.508453E+00
  2.980000E+01  1.222763E+00  1.226976E+00  1.270689E+00  1.507308E+00
  3.000000E+01  1.222501E+00  1.227171E+00  1.270639E+00  1.509043E+00
