  2.000000E-01  1.206895E+00  1.220648E+00  1.252874E+00  0.000000E+00
  4.000000E-01  1.207184E+00  1.220748E+00  1.253431E+00  0.000000E+00
  6.000000E-01  1.207025E+00  1.220804E+00  1.253794E+00  0.000000E+00
  8.000000E-01  1.207307E+00  1.220867E+00  1.254170E+00  0.000000E+00
  1.000000E+00  1.207625E+00  1.220925E+00  1.254561E+00  0.000000E+00
  1.200000E+00  1.207774E+00  1.220897E+00  1.254753E+00  0.000000E+00
  1.400000E+00  1.207737E+00  1.220843E+00  1.254873E+00  0.000000E+00
  1.600000E+00  1.207858E+00  1.220825E+00  1.254916E+00  0.000000E+00
  1.800000E+00  1.208020E+00  1.220781E+00  1.255312E+00  0.000000E+00
  2.000000E+00  1.208142E+00  1.220813E+00  1.255850E+00  0.000000E+00
  2.200000E+00  1.208064E+00  1.220754E+00  1.256190E+00  0.000000E+00
  2.400000E+00  1.208233E+00  1.220730E+00  1.256278E+00  0.000000E+00
  2.600000E+00  1.208248E+00  1.220689E+00  1.256189E+00  0.000000E+00
  2.800000E+00  1.208481E+00  1.220694E+00  1.256021E+00  0.000000E+00
  3.000000E+00  1.208887E+00  1.220773E+00  1.256266E+00  1.000000E+00
  3.200000E+00  1.209328E+00  1.220810E+00  1.256433E+00  1.000000E+00
  3.400000E+00  1.209672E+00  1.220840E+00  1.256636E+00  1.000000E+00
  3.600000E+00  1.209791E+00  1.220838E+00  1.256718E+00  1.000000E+00
  3.800000E+00  1.209990E+00  1.220893E+00  1.256882E+00  1.000000E+00
  4.000000E+00  1.209947E+00  1.220837E+00  1.257344E+00  1.000000E+00
  4.200000E+00  1.210174E+00  1.220908E+00  1.257522E+00  1.000000E+00
  4.400000E+00  1.210547E+00  1.220834E+00  1.257710E+00  1.500000E+00
  4.600000E+00  1.210691E+00  1.220913E+00  1.257984E+00  1.500000E+00
  4.800000E+00  1.210763E+00  1.220903E+00  1.257784E+00  1.500000E+00
  5.000000E+00  1.211166E+00  1.220838E+00  1.257744E+00  1.666667E+00
  5.200000E+00  1.211263E+00  1.220867E+00  1.257607E+00  1.500000E+00
  5.400000E+00  1.211327E+00  1.220902E+00  1.257424E+00  1.750000E+00
  5.600000E+00  1.211667E+00  1.220905E+00  1.257240E+00  1.666667E+00
  5.800000E+00  1.212093E+00  1.220878E+00  1.257305E+00  1.625000E+00
  6.000000E+00  1.212672E+00  1.220842E+00  1.257035E+00  1.777778E+00
  6.200000E+00  1.213065E+00  1.220886E+00  1.256736E+00  1.500000E+00
  6.400000E+00  1.213138E+00  1.220879E+00  1.256352E+00  1.533333E+00
  6.600000E+00  1.213197E+00  1.220886E+00  1.255927E+00  1.526316E+00
  6.800000E+00  1.213321E+00  1.220889E+00  1.255889E+00  1.578947E+00
  7.000000E+00  1.213616E+00  1.220907E+00  1.255199E+00  1.571429E+00
  7.200000E+00  1.213739E+00  1.220959E+00  1.254517E+00  1.700000E+00
  7.400000E+00  1.214059E+00  1.220977E+00  1.254023E+00  1.641026E+00
  7.600000E+00  1.213918E+00  1.220872E+00  1.253598E+00  1.782609E+00
  7.800000E+00  1.214313E+00  1.220813E+00  1.253060E+00  1.758621E+00
  8.000000E+00  1.214476E+00  1.220802E+00  1.252706E+00  1.868852E+00
  8.200000E+00  1.215293E+00  1.220885E+00  1.252012E+00  1.786667E+00
  8.400000E+00  1.215744E+00  1.220881E+00  1.251534E+00  1.776471E+00
  8.600000E+00  1.215916E+00  1.220706E+00  1.250801E+00  1.872549E+00
  8.800000E+00  1.216070E+00  1.220851E+00  1.250523E+00  1.798319E+00
  9.000000E+00  1.216033E+00  1.220842E+00  1.249515E+00  1.746575E+00
  9.200000E+00  1.216295E+00  1.220827E+00  1.249132E+00  1.734940E+00
  9.400000E+00  1.216724E+00  1.220849E+00  1.248551E+00  1.663317E+00
  9.600000E+00  1.217161E+00  1.220911E+00  1.248421E+00  1.660633E+00
  9.800000E+00  1.217376E+00  1.220924E+00  1.248006E+00  1.692308E+00
  1.000000E+01  1.218081E+00  1.221176E+00  1.247746E+00  1.646907E+00
  1.020000E+01  1.218581E+00  1.221460E+00  1.247843E+00  1.617857E+00
  1.040000E+01  1.219460E+00  1.221953E+00  1.248051E+00  1.549170E+00
  1.060000E+01  1.220226E+00  1.222241E+00  1.247662E+00  1.535948E+00
  1.080000E+01  1.220866E+00  1.222670E+00  1.247692E+00  1.502488E+00
  1.100000E+01  1.221669E+00  1.222992E+00  1.247924E+00  1.506045E+00
  1.120000E+01  1.222384E+00  1.223421E+00  1.248393E+00  1.501446E+00
  1.140000E+01  1.223094E+00  1.223896E+00  1.249291E+00  1.516064E+00
  1.160000E+01  1.223618E+00  1.224128E+00  1.249680E+00  1.511620E+00
  1.180000E+01  1.223889E+00  1.224093E+00  1.249587E+00  1.513356E+00
  1.200000E+01  1.224270E+00  1.223958E+00  1.250536E+00  1.520314E+00
  1.220000E+01  1.225205E+00  1.224374E+00  1.250555E+00  1.517375E+00
  1.240000E+01  1.225411E+00  1.224226E+00  1.250677E+00  1.518797E+00
  1.260000E+01  1.226207E+00  1.224646E+00  1.251047E+00  1.521670E+00
  1.280000E+01  1.226466E+00  1.224631E+00  1.250743E+00  1.520147E+00
  1.300000E+01  1.225766E+00  1.223500E+00  1.249937E+00  1.535603E+00
  1.320000E+01  1.226049E+00  1.223351E+00  1.249985E+00  1.535443E+00
  1.340000E+01  1.226471E+00  1.223523E+00  1.250875E+00  1.528762E+00
  1.360000E+01  1.226894E+00  1.223284E+00  1.250572E+00  1.523373E+00
  1.380000E+01  1.227110E+00  1.223084E+00  1.250686E+00  1.510492E+00
  1.400000E+01  1.226830E+00  1.222458E+00  1.249658E+00  1.500535E+00
  1.420000E+01  1.227246E+00  1.222659E+00  1.250612E+00  1.488275E+00
  1.440000E+01  1.227256E+00  1.222260E+00  1.250801E+00  1.470738E+00
  1.460000E+01  1.226365E+00  1.221254E+00  1.250193E+00  1.481401E+00
  1.480000E+01  1.226479E+00  1.221159E+00  1.250466E+00  1.491111E+00
  1.500000E+01  1.226290E+00  1.220723E+00  1.250169E+00  1.500412E+00
  1.520000E+01  1.226477E+00  1.220555E+00  1.249722E+00  1.494393E+00
  1.540000E+01  1.226331E+00  1.219905E+00  1.249644E+00  1.512231E+00
  1.560000E+01  1.226895E+00  1.219971E+00  1.249441E+00  1.518411E+00
  1.580000E+01  1.227145E+00  1.220098E+00  1.249430E+00  1.497155E+00
  1.600000E+01  1.226827E+00  1.219667E+00  1.249610E+00  1.489502E+00
  1.620000E+01  1.226480E+00  1.218940E+00  1.248708E+00  1.485271E+00
  1.640000E+01  1.225821E+00  1.218427E+00  1.248781E+00  1.486586E+00
  1.660000E+01  1.226254E+00  1.218725E+00  1.248743E+00  1.487584E+00
  1.680000E+01  1.225993E+00  1.218501E+00  1.248860E+00  1.495348E+00
  1.700000E+01  1.225838E+00  1.218526E+00  1.248454E+00  1.502130E+00
  1.720000E+01  1.225296E+00  1.217790E+00  1.248048E+00  1.497880E+00
  1.740000E+01  1.225251E+00  1.217403E+00  1.248366E+00  1.498042E+00
  1.760000E+01  1.224736E+00  1.216678E+00  1.248324E+00  1.503748E+00
  1.780000E+01  1.223943E+00  1.215864E+00  1.248401E+00  1.502321E+00
  1.800000E+01  1.223898E+00  1.215982E+00  1.248310E+00  1.501492E+00
  1.820000E+01  1.224742E+00  1.217001E+00  1.248446E+00  1.496507E+00
  1.840000E+01  1.224503E+00  1.216866E+00  1.247394E+00  1.494468E+00
  1.860000E+01  1.224273E+00  1.217106E+00  1.248133E+00  1.486771E+00
  1.880000E+01  1.224019E+00  1.216836E+00  1.247854E+00  1.498905E+00
  1.900000E+01  1.224059E+00  1.216926E+00  1.247688E+00  1.499928E+00
  1.920000E+01  1.223762E+00  1.216606E+00  1.248056E+00  1.513122E+00
  1.940000E+01  1.223047E+00  1.215872E+00  1.248240E+00  1.513295E+00
  1.960000E+01  1.223448E+00  1.216212E+00  1.248314E+00  1.516333E+00
  1.980000E+01  1.223389E+00  1.215842E+00  1.248748E+00  1.513440E+00
  2.000000E+01  1.224011E+00  1.216607E+00  1.248499E+00  1.510972E+00
  2.020000E+01  1.223686E+00  1.216678E+00  1.248489E+00  1.518629E+00
  2.040000E+01  1.223862E+00  1.216957E+00  1.249520E+00  1.518330E+00
  2.060000E+01  1.224049E+00  1.217256E+00  1.250654E+00  1.516653E+00
  2.080000E+01  1.224079E+00  1.217617E+00  1.250254E+00  1.522302E+00
  2.100000E+01  1.224097E+00  1.218014E+00  1.250621E+00  1.519698E+00
  2.120000E+01  1.224484E+00  1.218446E+00  1.250959E+00  1.524791E+00
  2.140000E+01  1.224238E+00  1.218306E+00  1.251611E+00  1.524199E+00
  2.160000E+01  1.223929E+00  1.217945E+00  1.251891E+00  1.515614E+00
  2.180000E+01  1.224059E+00  1.218311E+00  1.252283E+00  1.517312E+00
  2.200000E+01  1.224441E+00  1.218738E+00  1.253124E+00  1.516116E+00
  2.220000E+01  1.225256E+00  1.219642E+00  1.254423E+00  1.513254E+00
  2.240000E+01  1.225968E+00  1.220540E+00  1.255940E+00  1.504629E+00
  2.260000E+01  1.226595E+00  1.221007E+00  1.256628E+00  1.504952E+00
  2.280000E+01  1.227066E+00  1.221450E+00  1.257560E+00  1.506145E+00
  2.300000E+01  1.226937E+00  1.221228E+00  1.257469E+00  1.508378E+00
  2.320000E+01  1.226296E+00  1.221365E+00  1.257379E+00  1.503503E+00
  2.340000E+01  1.226364E+00  1.221740E+00  1.259294E+00  1.497632E+00
  2.360000E+01  1.226228E+00  1.222412E+00  1.259862E+00  1.500524E+00
  2.380000E+01  1.226077E+00  1.222601E+00  1.260681E+00  1.500326E+00
  2.400000E+01  1.226085E+00  1.222678E+00  1.261689E+00  1.503257E+00
  2.420000E+01  1.226302E+00  1.223041E+00  1.261864E+00  1.506364E+00
  2.440000E+01  1.226077E+00  1.223238E+00  1.263376E+00  1.512489E+00
  2.460000E+01  1.226490E+00  1.223613E+00  1.263993E+00  1.516805E+00
  2.480000E+01  1.226110E+00  1.223943E+00  1.263958E+00  1.515663E+00
  2.500000E+01  1.226003E+00  1.224197E+00  1.264030E+00  1.514609E+00
  2.520000E+01  1.225744E+00  1.224501E+00  1.264974E+00  1.518123E+00
  2.540000E+01  1.225146E+00  1.224475E+00  1.265056E+00  1.521946E+00
  2.560000E+01  1.225296E+00  1.224385E+00  1.265295E+00  1.523065E+00
  2.580000E+01  1.225769E+00  1.224579E+00  1.266510E+00  1.523523E+00
  2.600000E+01  1.225828E+00  1.225112E+00  1.267079E+00  1.524672E+00
  2.620000E+01  1.225667E+00  1.225082E+00  1.267535E+00  1.523683E+00
  2.640000E+01  1.225504E+00  1.225296E+00  1.268475E+00  1.526763E+00
  2.660000E+01  1.225048E+00  1.225244E+00  1.268132E+00  1.524141E+00
  2.680000E+01  1.225329E+00  1.225394E+00  1.268943E+00  1.524313E+00
  2.700000E+01  1.225137E+00  1.225565E+00  1.269964E+00  1.524234E+00
  2.720000E+01  1.225272E+00  1.225672E+00  1.270321E+00  1.523083E+00
  2.740000E+01  1.224985E+00  1.225898E+00  1.269836E+00  1.524600E+00
  2.760000E+01  1.225671E+00  1.225909E+00  1.270773E+00  1.521955E+00
  2.780000E+01  1.225522E+00  1.225987E+00  1.271323E+00  1.521988E+00
  2.800000E+01  1.225138E+00  1.226177E+00  1.271136E+00  1.517950E+00
  2.820000E+01  1.224947E+00  1.225647E+00  1.271364E+00  1.516496E+00
  2.840000E+01  1.225327E+00  1.225599E+00  1.271629E+00  1.514905E+00
  2.860000E+01  1.225177E+00  1.225399E+00  1.271759E+00  1.514440E+00
  2.880000E+01  1.225171E+00  1.225655E+00  1.272715E+00  1.515531E+00
  2.900000E+01  1.225194E+00  1.226015E+00  1.273267E+00  1.512849E+00
  2.920000E+01  1.225438E+00  1.226383E+00  1.274076E+00  1.513090E+00
  2.940000E+01  1.225171E+00  1.226518E+00  1.275361E+00  1.513926E+00
  2.960000E+01  1.224868E+00  1.226504E+00  1.274697E+00  1.511942E+00
  2.980000E+01  1.224267E+00  1.226440E+00  1.274871E+00  1.512849E+00
  3.000000E+01  1.224115E+00  1.226768E+00  1.274742E+00  1.513928E+00
  2.000000E-01  1.205900E+00  1.220332E+00  1.253684E+00  0.000000E+00
  4.000000E-01  1.206084E+00  1.220340E+00  1.254123E+00  0.000000E+00
  6.000000E-01  1.205973E+00  1.220422E+00  1.254507E+00  0.000000E+00
  8.000000E-01  1.206094E+00  1.220389E+00  1.254747E+00  0.000000E+00
  1.000000E+00  1.206237E+00  1.220349E+00  1.255071E+00  0.000000E+00
  1.200000E+00  1.206503E+00  1.220315E+00  1.255173E+00  2.000000E+00
  1.400000E+00  1.206515E+00  1.220257E+00  1.255496E+00  2.000000E+00
  1.600000E+00  1.206592E+00  1.220341E+00  1.255551E+00  2.000000E+00
  1.800000E+00  1.206599E+00  1.220354E+00  1.255680E+00  2.000000E+00
  2.000000E+00  1.206572E+00  1.220285E+00  1.255772E+00  2.000000E+00
  2.200000E+00  1.206997E+00  1.220342E+00  1.255992E+00  2.000000E+00
  2.400000E+00  1.207024E+00  1.220288E+00  1.256140E+00  2.000000E+00
  2.600000E+00  1.207231E+00  1.220299E+00  1.256148E+00  2.000000E+00
  2.800000E+00  1.207020E+00  1.220351E+00  1.256327E+00  2.000000E+00
  3.000000E+00  1.207096E+00  1.220298E+00  1.256629E+00  2.000000E+00
  3.200000E+00  1.207501E+00  1.220371E+00  1.256713E+00  3.000000E+00
  3.400000E+00  1.207944E+00  1.220437E+00  1.256966E+00  3.000000E+00
  3.600000E+00  1.207887E+00  1.220335E+00  1.256549E+00  3.000000E+00
  3.800000E+00  1.208084E+00  1.220265E+00  1.256484E+00  1.666667E+00
  4.000000E+00  1.208390E+00  1.220272E+00  1.256713E+00  1.666667E+00
  4.200000E+00  1.208562E+00  1.220217E+00  1.257445E+00  1.666667E+00
  4.400000E+00  1.208813E+00  1.220246E+00  1.257729E+00  2.000000E+00
  4.600000E+00  1.208657E+00  1.220170E+00  1.257401E+00  2.000000E+00
  4.800000E+00  1.208959E+00  1.220157E+00  1.257522E+00  1.333333E+00
  5.000000E+00  1.209505E+00  1.220051E+00  1.257769E+00  1.375000E+00
  5.200000E+00  1.209872E+00  1.220008E+00  1.257541E+00  1.363636E+00
  5.400000E+00  1.210043E+00  1.219988E+00  1.257359E+00  1.454545E+00
  5.600000E+00  1.210193E+00  1.219926E+00  1.257085E+00  1.454545E+00
  5.800000E+00  1.210506E+00  1.219944E+00  1.256965E+00  1.666667E+00
  6.000000E+00  1.210725E+00  1.219937E+00  1.256709E+00  1.400000E+00
  6.200000E+00  1.210816E+00  1.219904E+00  1.256209E+00  1.347826E+00
  6.400000E+00  1.211138E+00  1.219885E+00  1.255640E+00  1.440000E+00
  6.600000E+00  1.211584E+00  1.219965E+00  1.255765E+00  1.480000E+00
  6.800000E+00  1.211983E+00  1.220011E+00  1.254869E+00  1.548387E+00
  7.000000E+00  1.212438E+00  1.220084E+00  1.254186E+00  1.571429E+00
  7.200000E+00  1.212544E+00  1.220042E+00  1.253713E+00  1.583333E+00
  7.400000E+00  1.212783E+00  1.219919E+00  1.253083E+00  1.627119E+00
  7.600000E+00  1.213130E+00  1.219858E+00  1.252358E+00  1.632353E+00
  7.800000E+00  1.213462E+00  1.219775E+00  1.251379E+00  1.771429E+00
  8.000000E+00  1.213740E+00  1.219810E+00  1.250737E+00  1.716049E+00
  8.200000E+00  1.213988E+00  1.219824E+00  1.250515E+00  1.663158E+00
  8.400000E+00  1.214492E+00  1.219780E+00  1.249899E+00  1.623853E+00
  8.600000E+00  1.214817E+00  1.219770E+00  1.249418E+00  1.654135E+00
  8.800000E+00  1.215309E+00  1.219836E+00  1.249164E+00  1.633987E+00
  9.000000E+00  1.215731E+00  1.219988E+00  1.248013E+00  1.602339E+00
  9.200000E+00  1.215975E+00  1.219945E+00  1.247483E+00  1.586735E+00
  9.400000E+00  1.216239E+00  1.219840E+00  1.247014E+00  1.596330E+00
  9.600000E+00  1.216698E+00  1.219929E+00  1.247254E+00  1.583333E+00
  9.800000E+00  1.216798E+00  1.219979E+00  1.246576E+00  1.556522E+00
  1.000000E+01  1.217223E+00  1.219999E+00  1.246614E+00  1.521739E+00
  1.020000E+01  1.217975E+00  1.220205E+00  1.246692E+00  1.554608E+00
  1.040000E+01  1.218343E+00  1.220548E+00  1.246538E+00  1.549313E+00
  1.060000E+01  1.219048E+00  1.221048E+00  1.246358E+00  1.543557E+00
  1.080000E+01  1.219891E+00  1.221365E+00  1.246766E+00  1.515537E+00
  1.100000E+01  1.220488E+00  1.221626E+00  1.247068E+00  1.523295E+00
  1.120000E+01  1.221142E+00  1.221721E+00  1.247110E+00  1.527462E+00
  1.140000E+01  1.222242E+00  1.222321E+00  1.247687E+00  1.527323E+00
  1.160000E+01  1.222577E+00  1.222196E+00  1.247511E+00  1.543798E+00
  1.180000E+01  1.222802E+00  1.222323E+00  1.247431E+00  1.539870E+00
  1.200000E+01  1.223552E+00  1.222774E+00  1.247877E+00  1.537415E+00
  1.220000E+01  1.223962E+00  1.222848E+00  1.247958E+00  1.517007E+00
  1.240000E+01  1.223943E+00  1.222522E+00  1.248494E+00  1.517996E+00
  1.260000E+01  1.224588E+00  1.222772E+00  1.248783E+00  1.513650E+00
  1.280000E+01  1.225052E+00  1.223053E+00  1.249678E+00  1.519939E+00
  1.300000E+01  1.225449E+00  1.223173E+00  1.250139E+00  1.536565E+00
  1.320000E+01  1.225951E+00  1.223153E+00  1.250187E+00  1.504059E+00
  1.340000E+01  1.225634E+00  1.222668E+00  1.249614E+00  1.495327E+00
  1.360000E+01  1.225929E+00  1.222641E+00  1.250637E+00  1.486422E+00
  1.380000E+01  1.226031E+00  1.222505E+00  1.250106E+00  1.504724E+00
  1.400000E+01  1.225654E+00  1.221709E+00  1.248963E+00  1.485704E+00
  1.420000E+01  1.225906E+00  1.221907E+00  1.249476E+00  1.486435E+00
  1.440000E+01  1.226544E+00  1.222121E+00  1.249400E+00  1.484086E+00
  1.460000E+01  1.227009E+00  1.222417E+00  1.249540E+00  1.477499E+00
  1.480000E+01  1.226620E+00  1.221835E+00  1.250166E+00  1.470627E+00
  1.500000E+01  1.226863E+00  1.221795E+00  1.250618E+00  1.466711E+00
  1.520000E+01  1.227180E+00  1.221832E+00  1.250855E+00  1.462942E+00
  1.540000E+01  1.227014E+00  1.221616E+00  1.251320E+00  1.451282E+00
  1.560000E+01  1.226738E+00  1.221110E+00  1.250790E+00  1.447130E+00
  1.580000E+01  1.226784E+00  1.220878E+00  1.250826E+00  1.456618E+00
  1.600000E+01  1.226952E+00  1.220876E+00  1.250327E+00  1.456864E+00
  1.620000E+01  1.226960E+00  1.220801E+00  1.250560E+00  1.465306E+00
  1.640000E+01  1.226806E+00  1.220718E+00  1.251295E+00  1.464185E+00
  1.660000E+01  1.225988E+00  1.219557E+00  1.250611E+00  1.457585E+00
  1.680000E+01  1.225089E+00  1.218723E+00  1.249899E+00  1.450929E+00
  1.700000E+01  1.224881E+00  1.218778E+00  1.250323E+00  1.459798E+00
  1.720000E+01  1.225019E+00  1.218738E+00  1.250639E+00  1.458238E+00
  1.740000E+01  1.225282E+00  1.218756E+00  1.250718E+00  1.453583E+00
  1.760000E+01  1.225307E+00  1.218173E+00  1.250436E+00  1.444245E+00
  1.780000E+01  1.225218E+00  1.218260E+00  1.249736E+00  1.432725E+00
  1.800000E+01  1.224627E+00  1.217655E+00  1.249361E+00  1.437915E+00
  1.820000E+01  1.224919E+00  1.218227E+00  1.250103E+00  1.436041E+00
  1.840000E+01  1.224360E+00  1.217862E+00  1.250278E+00  1.446986E+00
  1.860000E+01  1.225010E+00  1.218430E+00  1.250882E+00  1.450519E+00
  1.880000E+01  1.224891E+00  1.218264E+00  1.249738E+00  1.450355E+00
  1.900000E+01  1.225481E+00  1.218639E+00  1.250454E+00  1.441426E+00
  1.920000E+01  1.225841E+00  1.218477E+00  1.250605E+00  1.444715E+00
  1.940000E+01  1.226576E+00  1.219172E+00  1.251598E+00  1.453125E+00
  1.960000E+01  1.226369E+00  1.219425E+00  1.251286E+00  1.458840E+00
  1.980000E+01  1.226590E+00  1.219406E+00  1.251469E+00  1.466857E+00
  2.000000E+01  1.226994E+00  1.219670E+00  1.251815E+00  1.471441E+00
  2.020000E+01  1.226651E+00  1.219756E+00  1.252417E+00  1.475159E+00
  2.040000E+01  1.226775E+00  1.219892E+00  1.252378E+00  1.465677E+00
  2.060000E+01  1.227067E+00  1.219910E+00  1.253081E+00  1.467188E+00
  2.080000E+01  1.226825E+00  1.219780E+00  1.253715E+00  1.466926E+00
  2.100000E+01  1.227143E+00  1.219950E+00  1.253706E+00  1.464310E+00
  2.120000E+01  1.227745E+00  1.220449E+00  1.254550E+00  1.467511E+00
  2.140000E+01  1.228199E+00  1.220997E+00  1.255118E+00  1.473388E+00
  2.160000E+01  1.228550E+00  1.221481E+00  1.255169E+00  1.477304E+00
  2.180000E+01  1.228649E+00  1.221899E+00  1.256246E+00  1.470660E+00
  2.200000E+01  1.228438E+00  1.222281E+00  1.256730E+00  1.466307E+00
  2.220000E+01  1.227931E+00  1.222114E+00  1.257612E+00  1.462312E+00
  2.240000E+01  1.228015E+00  1.222361E+00  1.258265E+00  1.467300E+00
  2.260000E+01  1.228063E+00  1.222386E+00  1.258817E+00  1.468375E+00
  2.280000E+01  1.228370E+00  1.223137E+00  1.260415E+00  1.468775E+00
  2.300000E+01  1.228485E+00  1.223679E+00  1.260986E+00  1.467187E+00
  2.320000E+01  1.228523E+00  1.223792E+00  1.262419E+00  1.472424E+00
  2.340000E+01  1.229124E+00  1.224094E+00  1.262284E+00  1.478966E+00
  2.360000E+01  1.229660E+00  1.224473E+00  1.263589E+00  1.474743E+00
  2.380000E+01  1.229720E+00  1.224835E+00  1.264665E+00  1.468615E+00
  2.400000E+01  1.230133E+00  1.225407E+00  1.265816E+00  1.470826E+00
  2.420000E+01  1.229907E+00  1.225908E+00  1.266057E+00  1.470221E+00
  2.440000E+01  1.229932E+00  1.226340E+00  1.267281E+00  1.466667E+00
  2.460000E+01  1.229984E+00  1.226449E+00  1.268319E+00  1.465773E+00
  2.480000E+01  1.229978E+00  1.226289E+00  1.268714E+00  1.467481E+00
  2.500000E+01  1.229721E+00  1.226295E+00  1.269208E+00  1.468101E+00
  2.520000E+01  1.229640E+00  1.226396E+00  1.269570E+00  1.471341E+00
  2.540000E+01  1.229502E+00  1.226610E+00  1.269410E+00  1.475401E+00
  2.560000E+01  1.229569E+00  1.227179E+00  1.268820E+00  1.481032E+00
  2.580000E+01  1.229906E+00  1.227749E+00  1.269762E+00  1.479414E+00
  2.600000E+01  1.229860E+00  1.228183E+00  1.270054E+00  1.476215E+00
  2.620000E+01  1.229765E+00  1.228087E+00  1.270759E+00  1.477362E+00
  2.640000E+01  1.230295E+00  1.228509E+00  1.271335E+00  1.482728E+00
  2.660000E+01  1.229881E+00  1.228717E+00  1.272159E+00  1.481252E+00
  2.680000E+01  1.229377E+00  1.228594E+00  1.272729E+00  1.476873E+00
  2.700000E+01  1.229375E+00  1.228637E+00  1.273865E+00  1.479839E+00
  2.720000E+01  1.228859E+00  1.228973E+00  1.274405E+00  1.480827E+00
  2.740000E+01  1.228559E+00  1.229086E+00  1.275222E+00  1.484541E+00
  2.760000E+01  1.228159E+00  1.229117E+00  1.275062E+00  1.486372E+00
  2.780000E+01  1.228206E+00  1.229639E+00  1.275741E+00  1.488276E+00
  2.800000E+01  1.227974E+00  1.230027E+00  1.276356E+00  1.488792E+00
  2.820000E+01  1.228287E+00  1.230243E+00  1.276836E+00  1.488181E+00
  2.840000E+01  1.228048E+00  1.230404E+00  1.276687E+00  1.485672E+00
  2.860000E+01  1.228221E+00  1.230303E+00  1.276838E+00  1.486152E+00
  2.880000E+01  1.227611E+00  1.230155E+00  1.276552E+00  1.484886E+00
  2.900000E+01  1.227817E+00  1.230108E+00  1.277555E+00  1.485957E+00
  2.920000E+01  1.227553E+00  1.230176E+00  1.278200E+00  1.486350E+00
  2.940000E+01  1.227247E+00  1.230394E+00  1.278178E+00  1.482835E+00
  2.960000E+01  1.227014E+00  1.230467E+00  1.277878E+00  1.482687E+00
  2.980000E+01  1.227091E+00  1.231096E+00  1.277832E+00  1.486354E+00
  3.000000E+01  1.227129E+00  1.231172E+00  1.278295E+00  1.488506E+00
  2.000000E-01  1.206690E+00  1.220249E+00  1.253365E+00  0.000000E+00
  4.000000E-01  1.206523E+00  1.220199E+00  1.253637E+00  0.000000E+00
  6.000000E-01  1.206826E+00  1.220151E+00  1.253965E+00  0.000000E+00
  8.000000E-01  1.206464E+00  1.220079E+00  1.254210E+00  0.000000E+00
  1.000000E+00  1.206570E+00  1.220067E+00  1.254422E+00  0.000000E+00
  1.200000E+00  1.206849E+00  1.220061E+00  1.254634E+00  0.000000E+00
  1.400000E+00  1.207014E+00  1.220113E+00  1.254834E+00  0.000000E+00
  1.600000E+00  1.206949E+00  1.220048E+00  1.254719E+00  0.000000E+00
  1.800000E+00  1.206886E+00  1.220028E+00  1.254877E+00  0.000000E+00
  2.000000E+00  1.206885E+00  1.220002E+00  1.255104E+00  0.000000E+00
  2.200000E+00  1.207013E+00  1.220041E+00  1.255248E+00  0.000000E+00
  2.400000E+00  1.207139E+00  1.220052E+00  1.255711E+00  0.000000E+00
  2.600000E+00  1.207192E+00  1.220052E+00  1.255896E+00  0.000000E+00
  2.800000E+00  1.207415E+00  1.219929E+00  1.255746E+00  0.000000E+00
  3.000000E+00  1.207513E+00  1.219937E+00  1.255795E+00  0.000000E+00
  3.200000E+00  1.207572E+00  1.220043E+00  1.255891E+00  0.000000E+00
  3.400000E+00  1.207975E+00  1.220063E+00  1.256246E+00  0.000000E+00
  3.600000E+00  1.208514E+00  1.220084E+00  1.256321E+00  0.000000E+00
  3.800000E+00  1.209228E+00  1.220104E+00  1.256897E+00  0.000000E+00
  4.000000E+00  1.209563E+00  1.220077E+00  1.256911E+00  0.000000E+00
  4.200000E+00  1.209668E+00  1.220076E+00  1.257148E+00  0.000000E+00
  4.400000E+00  1.209770E+00  1.220116E+00  1.257455E+00  0.000000E+00
  4.600000E+00  1.210034E+00  1.220227E+00  1.257657E+00  4.000000E+00
  4.800000E+00  1.210381E+00  1.220234E+00  1.257359E+00  4.000000E+00
  5.000000E+00  1.210570E+00  1.220268E+00  1.257561E+00  4.000000E+00
  5.200000E+00  1.210832E+00  1.220115E+00  1.257505E+00  4.000000E+00
  5.400000E+00  1.211172E+00  1.220162E+00  1.257148E+00  4.000000E+00
  5.600000E+00  1.211635E+00  1.220322E+00  1.256739E+00  5.000000E+00
  5.800000E+00  1.212015E+00  1.220238E+00  1.256376E+00  2.200000E+00
  6.000000E+00  1.212402E+00  1.220266E+00  1.256071E+00  1.875000E+00
  6.200000E+00  1.212686E+00  1.220240E+00  1.255624E+00  2.000000E+00
  6.400000E+00  1.213053E+00  1.220229E+00  1.255012E+00  1.928571E+00
  6.600000E+00  1.213045E+00  1.220303E+00  1.254659E+00  1.722222E+00
  6.800000E+00  1.213169E+00  1.220287E+00  1.254022E+00  1.727273E+00
  7.000000E+00  1.213457E+00  1.220255E+00  1.253164E+00  1.666667E+00
  7.200000E+00  1.213660E+00  1.220314E+00  1.252861E+00  1.727273E+00
  7.400000E+00  1.213799E+00  1.220298E+00  1.252795E+00  1.586957E+00
  7.600000E+00  1.214383E+00  1.220242E+00  1.252557E+00  1.545455E+00
  7.800000E+00  1.215211E+00  1.220190E+00  1.251796E+00  1.539683E+00
  8.000000E+00  1.215625E+00  1.220238E+00  1.251203E+00  1.549296E+00
  8.200000E+00  1.215921E+00  1.220195E+00  1.250724E+00  1.592105E+00
  8.400000E+00  1.216338E+00  1.220319E+00  1.250258E+00  1.561224E+00
  8.600000E+00  1.216740E+00  1.220277E+00  1.249259E+00  1.594828E+00
  8.800000E+00  1.216901E+00  1.220285E+00  1.248634E+00  1.588235E+00
  9.000000E+00  1.217356E+00  1.220369E+00  1.247974E+00  1.592593E+00
  9.200000E+00  1.217521E+00  1.220304E+00  1.247390E+00  1.578652E+00
  9.400000E+00  1.217885E+00  1.220270E+00  1.247316E+00  1.629268E+00
  9.600000E+00  1.218245E+00  1.220341E+00  1.247008E+00  1.600823E+00
  9.800000E+00  1.218725E+00  1.220304E+00  1.246735E+00  1.585761E+00
  1.000000E+01  1.219406E+00  1.220600E+00  1.247336E+00  1.537530E+00
  1.020000E+01  1.219965E+00  1.220844E+00  1.247237E+00  1.538175E+00
  1.040000E+01  1.220273E+00  1.220990E+00  1.246667E+00  1.605007E+00
  1.060000E+01  1.220713E+00  1.221310E+00  1.246610E+00  1.546099E+00
  1.080000E+01  1.221497E+00  1.221524E+00  1.246784E+00  1.509601E+00
  1.100000E+01  1.222504E+00  1.222047E+00  1.247023E+00  1.527369E+00
  1.120000E+01  1.223109E+00  1.222432E+00  1.247091E+00  1.527684E+00
  1.140000E+01  1.223982E+00  1.222857E+00  1.247880E+00  1.501815E+00
  1.160000E+01  1.223915E+00  1.222914E+00  1.247556E+00  1.518609E+00
  1.180000E+01  1.224959E+00  1.223547E+00  1.248515E+00  1.514462E+00
  1.200000E+01  1.225191E+00  1.223697E+00  1.249295E+00  1.517778E+00
  1.220000E+01  1.225739E+00  1.224120E+00  1.249204E+00  1.527856E+00
  1.240000E+01  1.225817E+00  1.223885E+00  1.249391E+00  1.521103E+00
  1.260000E+01  1.225387E+00  1.223394E+00  1.249099E+00  1.496650E+00
  1.280000E+01  1.226799E+00  1.224615E+00  1.250356E+00  1.503796E+00
  1.300000E+01  1.227324E+00  1.224540E+00  1.250895E+00  1.493220E+00
  1.320000E+01  1.227760E+00  1.224776E+00  1.251620E+00  1.489498E+00
  1.340000E+01  1.227630E+00  1.224364E+00  1.251569E+00  1.491689E+00
  1.360000E+01  1.227792E+00  1.224128E+00  1.252107E+00  1.482911E+00
  1.380000E+01  1.228444E+00  1.224335E+00  1.252393E+00  1.477118E+00
  1.400000E+01  1.228981E+00  1.224538E+00  1.252552E+00  1.460494E+00
  1.420000E+01  1.229139E+00  1.224212E+00  1.252314E+00  1.461473E+00
  1.440000E+01  1.228779E+00  1.223463E+00  1.251695E+00  1.469509E+00
  1.460000E+01  1.228671E+00  1.223381E+00  1.251948E+00  1.458361E+00
  1.480000E+01  1.228582E+00  1.223068E+00  1.252254E+00  1.452910E+00
  1.500000E+01  1.228124E+00  1.222350E+00  1.252546E+00  1.452550E+00
  1.520000E+01  1.228267E+00  1.222439E+00  1.252200E+00  1.457257E+00
  1.540000E+01  1.228133E+00  1.222013E+00  1.251736E+00  1.449690E+00
  1.560000E+01  1.228157E+00  1.221837E+00  1.251396E+00  1.441794E+00
  1.580000E+01  1.228450E+00  1.221916E+00  1.251520E+00  1.442718E+00
  1.600000E+01  1.227625E+00  1.220953E+00  1.250899E+00  1.437306E+00
  1.620000E+01  1.227396E+00  1.220713E+00  1.250585E+00  1.433163E+00
  1.640000E+01  1.227868E+00  1.220801E+00  1.250928E+00  1.441548E+00
  1.660000E+01  1.227697E+00  1.220617E+00  1.251314E+00  1.438243E+00
  1.680000E+01  1.227749E+00  1.220637E+00  1.251072E+00  1.439982E+00
  1.700000E+01  1.227420E+00  1.220117E+00  1.250485E+00  1.442299E+00
  1.720000E+01  1.227512E+00  1.220035E+00  1.249886E+00  1.453616E+00
  1.740000E+01  1.227195E+00  1.219771E+00  1.249770E+00  1.455063E+00
  1.760000E+01  1.227242E+00  1.219722E+00  1.249294E+00  1.453910E+00
  1.780000E+01  1.227098E+00  1.219413E+00  1.248953E+00  1.453199E+00
  1.800000E+01  1.226744E+00  1.219288E+00  1.249169E+00  1.458241E+00
  1.820000E+01  1.227096E+00  1.219796E+00  1.249520E+00  1.449004E+00
  1.840000E+01  1.227031E+00  1.219890E+00  1.249578E+00  1.459602E+00
  1.860000E+01  1.226927E+00  1.219814E+00  1.248948E+00  1.448696E+00
  1.880000E+01  1.226930E+00  1.219624E+00  1.248621E+00  1.454795E+00
  1.900000E+01  1.227944E+00  1.220119E+00  1.249451E+00  1.457345E+00
  1.920000E+01  1.228117E+00  1.220279E+00  1.249679E+00  1.459440E+00
  1.940000E+01  1.228162E+00  1.220641E+00  1.249751E+00  1.458327E+00
  1.960000E+01  1.228464E+00  1.221460E+00  1.250568E+00  1.462960E+00
  1.980000E+01  1.228724E+00  1.221585E+00  1.251005E+00  1.463926E+00
  2.000000E+01  1.228602E+00  1.221187E+00  1.250997E+00  1.462955E+00
  2.020000E+01  1.228202E+00  1.221185E+00  1.251153E+00  1.459754E+00
  2.040000E+01  1.228121E+00  1.220987E+00  1.251101E+00  1.459028E+00
  2.060000E+01  1.228265E+00  1.221514E+00  1.251635E+00  1.453780E+00
  2.080000E+01  1.228147E+00  1.221665E+00  1.251856E+00  1.455145E+00
  2.100000E+01  1.227722E+00  1.221468E+00  1.251944E+00  1.458940E+00
  2.120000E+01  1.227910E+00  1.221494E+00  1.253028E+00  1.455302E+00
  2.140000E+01  1.228194E+00  1.221652E+00  1.253578E+00  1.460618E+00
  2.160000E+01  1.228504E+00  1.222166E+00  1.253840E+00  1.465031E+00
  2.180000E+01  1.228494E+00  1.222203E+00  1.254068E+00  1.462898E+00
  2.200000E+01  1.229024E+00  1.222702E+00  1.254990E+00  1.463700E+00
  2.220000E+01  1.228157E+00  1.222889E+00  1.255392E+00  1.461508E+00
  2.240000E+01  1.228308E+00  1.223276E+00  1.255298E+00  1.460011E+00
  2.260000E+01  1.228170E+00  1.223408E+00  1.255797E+00  1.463593E+00
  2.280000E+01  1.228199E+00  1.223578E+00  1.256271E+00  1.460714E+00
  2.300000E+01  1.227728E+00  1.223507E+00  1.256658E+00  1.453223E+00
  2.320000E+01  1.227920E+00  1.223513E+00  1.258085E+00  1.455105E+00
  2.340000E+01  1.227575E+00  1.223381E+00  1.258837E+00  1.453031E+00
  2.360000E+01  1.227284E+00  1.223751E+00  1.258853E+00  1.453849E+00
  2.380000E+01  1.227018E+00  1.223884E+00  1.259853E+00  1.453804E+00
  2.400000E+01  1.227525E+00  1.223982E+00  1.260389E+00  1.456260E+00
  2.420000E+01  1.227606E+00  1.224410E+00  1.261896E+00  1.457216E+00
  2.440000E+01  1.227936E+00  1.224759E+00  1.263052E+00  1.462379E+00
  2.460000E+01  1.228284E+00  1.224986E+00  1.263708E+00  1.467593E+00
  2.480000E+01  1.229255E+00  1.225699E+00  1.264734E+00  1.468330E+00
  2.500000E+01  1.228844E+00  1.225797E+00  1.265004E+00  1.468240E+00
  2.520000E+01  1.229054E+00  1.226300E+00  1.266328E+00  1.467362E+00
  2.540000E+01  1.229088E+00  1.226414E+00  1.267134E+00  1.468282E+00
  2.560000E+01  1.228809E+00  1.226546E+00  1.267624E+00  1.466953E+00
  2.580000E+01  1.229256E+00  1.226804E+00  1.268180E+00  1.468671E+00
  2.600000E+01  1.228689E+00  1.226494E+00  1.268382E+00  1.469506E+00
  2.620000E+01  1.228716E+00  1.226830E+00  1.269393E+00  1.469390E+00
  2.640000E+01  1.228384E+00  1.227164E+00  1.269911E+00  1.472264E+00
  2.660000E+01  1.228333E+00  1.227537E+00  1.270278E+00  1.471405E+00
  2.680000E+01  1.228276E+00  1.227795E+00  1.270355E+00  1.471168E+00
  2.700000E+01  1.228232E+00  1.228188E+00  1.271218E+00  1.471350E+00
  2.720000E+01  1.227918E+00  1.228217E+00  1.271976E+00  1.468762E+00
  2.740000E+01  1.228047E+00  1.228429E+00  1.272567E+00  1.470187E+00
  2.760000E+01  1.228102E+00  1.228984E+00  1.272453E+00  1.471558E+00
  2.780000E+01  1.227882E+00  1.228843E+00  1.272445E+00  1.470450E+00
  2.800000E+01  1.227380E+00  1.228744E+00  1.272876E+00  1.473847E+00
  2.820000E+01  1.227321E+00  1.228855E+00  1.273729E+00  1.474920E+00
  2.840000E+01  1.227273E+00  1.229079E+00  1.273767E+00  1.474754E+00
  2.860000E+01  1.226991E+00  1.229281E+00  1.273530E+00  1.475261E+00
  2.880000E+01  1.227399E+00  1.229293E+00  1.273329E+00  1.475969E+00
  2.900000E+01  1.227466E+00  1.229429E+00  1.273687E+00  1.475281E+00
  2.920000E+01  1.227273E+00  1.229153E+00  1.274320E+00  1.475312E+00
  2.940000E+01  1.227333E+00  1.228949E+00  1.274796E+00  1.473948E+00
  2.960000E+01  1.227157E+00  1.229011E+00  1.275073E+00  1.475616E+00
  2.980000E+01  1.226822E+00  1.229225E+00  1.275263E+00  1.477688E+00
  3.000000E+01  1.226592E+00  1.229109E+00  1.276191E+00  1.475988E+00
  2.000000E-01  1.208372E+00  1.220812E+00  1.253153E+00  0.000000E+00
  4.000000E-01  1.208015E+00  1.220886E+00  1.253587E+00  0.000000E+00
  6.000000E-01  1.207792E+00  1.220891E+00  1.254012E+00  0.000000E+00
  8.000000E-01  1.207694E+00  1.220849E+00  1.254220E+00  0.000000E+00
  1.000000E+00  1.207838E+00  1.220862E+00  1.254754E+00  0.000000E+00
  1.200000E+00  1.207846E+00  1.220817E+00  1.255105E+00  0.000000E+00
  1.400000E+00  1.207527E+00  1.220876E+00  1.255668E+00  0.000000E+00
  1.600000E+00  1.207485E+00  1.220956E+00  1.255835E+00  0.000000E+00
  1.800000E+00  1.207889E+00  1.220941E+00  1.255984E+00  0.000000E+00
  2.000000E+00  1.208051E+00  1.220966E+00  1.256247E+00  0.000000E+00
  2.200000E+00  1.208308E+00  1.220990E+00  1.256496E+00  0.000000E+00
  2.400000E+00  1.208360E+00  1.221000E+00  1.256851E+00  0.000000E+00
  2.600000E+00  1.208444E+00  1.220893E+00  1.256581E+00  0.000000E+00
  2.800000E+00  1.208521E+00  1.220967E+00  1.256312E+00  0.000000E+00
  3.000000E+00  1.208648E+00  1.220962E+00  1.256469E+00  0.000000E+00
  3.200000E+00  1.208636E+00  1.220864E+00  1.256565E+00  0.000000E+00
  3.400000E+00  1.208819E+00  1.220868E+00  1.256834E+00  0.000000E+00
  3.600000E+00  1.208631E+00  1.220947E+00  1.256935E+00  2.000000E+00
  3.800000E+00  1.209056E+00  1.220899E+00  1.257239E+00  2.000000E+00
  4.000000E+00  1.209051E+00  1.220871E+00  1.257468E+00  2.000000E+00
  4.200000E+00  1.209363E+00  1.220875E+00  1.257404E+00  1.333333E+00
  4.400000E+00  1.209537E+00  1.220827E+00  1.257631E+00  1.666667E+00
  4.600000E+00  1.209640E+00  1.220937E+00  1.257730E+00  1.666667E+00
  4.800000E+00  1.210188E+00  1.220904E+00  1.257664E+00  1.666667E+00
  5.000000E+00  1.210455E+00  1.220938E+00  1.257732E+00  1.666667E+00
  5.200000E+00  1.210612E+00  1.220867E+00  1.257475E+00  1.666667E+00
  5.400000E+00  1.211094E+00  1.220926E+00  1.257524E+00  2.333333E+00
  5.600000E+00  1.211473E+00  1.220906E+00  1.257256E+00  2.200000E+00
  5.800000E+00  1.211856E+00  1.220920E+00  1.256970E+00  1.900000E+00
  6.000000E+00  1.212241E+00  1.220968E+00  1.256566E+00  1.769231E+00
  6.200000E+00  1.212654E+00  1.220893E+00  1.256278E+00  1.625000E+00
  6.400000E+00  1.213140E+00  1.220855E+00  1.255879E+00  1.526316E+00
  6.600000E+00  1.213451E+00  1.220930E+00  1.255465E+00  1.545455E+00
  6.800000E+00  1.213948E+00  1.220909E+00  1.255168E+00  1.560000E+00
  7.000000E+00  1.214139E+00  1.220907E+00  1.254675E+00  1.566667E+00
  7.200000E+00  1.214259E+00  1.220970E+00  1.253817E+00  1.458333E+00
  7.400000E+00  1.214610E+00  1.220841E+00  1.253201E+00  1.517857E+00
  7.600000E+00  1.215131E+00  1.220808E+00  1.252589E+00  1.507246E+00
  7.800000E+00  1.215173E+00  1.220754E+00  1.251981E+00  1.493976E+00
  8.000000E+00  1.215406E+00  1.220728E+00  1.251673E+00  1.531250E+00
  8.200000E+00  1.215447E+00  1.220702E+00  1.250547E+00  1.542373E+00
  8.400000E+00  1.216050E+00  1.220750E+00  1.249929E+00  1.586957E+00
  8.600000E+00  1.216308E+00  1.220749E+00  1.249320E+00  1.578616E+00
  8.800000E+00  1.216775E+00  1.220872E+00  1.249202E+00  1.534091E+00
  9.000000E+00  1.216944E+00  1.220935E+00  1.248506E+00  1.551546E+00
  9.200000E+00  1.217224E+00  1.221050E+00  1.248028E+00  1.587379E+00
  9.400000E+00  1.217588E+00  1.221118E+00  1.247484E+00  1.603524E+00
  9.600000E+00  1.217772E+00  1.221172E+00  1.247467E+00  1.612903E+00
  9.800000E+00  1.218232E+00  1.221281E+00  1.246842E+00  1.622419E+00
  1.000000E+01  1.218883E+00  1.221495E+00  1.246693E+00  1.591981E+00
  1.020000E+01  1.219588E+00  1.221851E+00  1.246438E+00  1.603448E+00
  1.040000E+01  1.219915E+00  1.221936E+00  1.246328E+00  1.609877E+00
  1.060000E+01  1.220159E+00  1.222107E+00  1.245725E+00  1.582358E+00
  1.080000E+01  1.220581E+00  1.222120E+00  1.245874E+00  1.596264E+00
  1.100000E+01  1.221662E+00  1.222789E+00  1.246806E+00  1.568650E+00
  1.120000E+01  1.222487E+00  1.223187E+00  1.247138E+00  1.544939E+00
  1.140000E+01  1.222750E+00  1.223243E+00  1.247194E+00  1.547715E+00
  1.160000E+01  1.223722E+00  1.223678E+00  1.248440E+00  1.540587E+00
  1.180000E+01  1.224533E+00  1.224000E+00  1.248796E+00  1.546154E+00
  1.200000E+01  1.225401E+00  1.224509E+00  1.249186E+00  1.559932E+00
  1.220000E+01  1.225871E+00  1.224925E+00  1.249553E+00  1.559969E+00
  1.240000E+01  1.226167E+00  1.224825E+00  1.249244E+00  1.534545E+00
  1.260000E+01  1.225930E+00  1.224261E+00  1.249210E+00  1.531229E+00
  1.280000E+01  1.226168E+00  1.223917E+00  1.249331E+00  1.524144E+00
  1.300000E+01  1.227362E+00  1.224684E+00  1.249369E+00  1.516510E+00
  1.320000E+01  1.226668E+00  1.223879E+00  1.249169E+00  1.508126E+00
  1.340000E+01  1.227010E+00  1.223850E+00  1.249409E+00  1.509703E+00
  1.360000E+01  1.226944E+00  1.223653E+00  1.249393E+00  1.504435E+00
  1.380000E+01  1.227414E+00  1.223763E+00  1.249559E+00  1.497126E+00
  1.400000E+01  1.227742E+00  1.223693E+00  1.250522E+00  1.478688E+00
  1.420000E+01  1.227799E+00  1.223345E+00  1.250184E+00  1.484938E+00
  1.440000E+01  1.227817E+00  1.223149E+00  1.250217E+00  1.479727E+00
  1.460000E+01  1.227494E+00  1.222725E+00  1.249532E+00  1.471180E+00
  1.480000E+01  1.228006E+00  1.222855E+00  1.249107E+00  1.477938E+00
  1.500000E+01  1.227952E+00  1.222516E+00  1.248579E+00  1.472599E+00
  1.520000E+01  1.226730E+00  1.221144E+00  1.248161E+00  1.465064E+00
  1.540000E+01  1.226611E+00  1.220834E+00  1.248379E+00  1.470673E+00
  1.560000E+01  1.226342E+00  1.220449E+00  1.248519E+00  1.470504E+00
  1.580000E+01  1.225798E+00  1.219516E+00  1.247991E+00  1.468957E+00
  1.600000E+01  1.226317E+00  1.219770E+00  1.247978E+00  1.481755E+00
  1.620000E+01  1.226571E+00  1.219992E+00  1.247842E+00  1.482672E+00
  1.640000E+01  1.226463E+00  1.219550E+00  1.247518E+00  1.473398E+00
  1.660000E+01  1.226555E+00  1.219631E+00  1.247649E+00  1.467307E+00
  1.680000E+01  1.226282E+00  1.219405E+00  1.247611E+00  1.474149E+00
  1.700000E+01  1.226877E+00  1.219680E+00  1.247651E+00  1.484914E+00
  1.720000E+01  1.226223E+00  1.219246E+00  1.247003E+00  1.479231E+00
  1.740000E+01  1.225927E+00  1.219286E+00  1.247541E+00  1.478953E+00
  1.760000E+01  1.225872E+00  1.219250E+00  1.247183E+00  1.480121E+00
  1.780000E+01  1.225340E+00  1.218907E+00  1.246734E+00  1.472293E+00
  1.800000E+01  1.224282E+00  1.217931E+00  1.245888E+00  1.469903E+00
  1.820000E+01  1.224028E+00  1.217770E+00  1.245995E+00  1.466203E+00
  1.840000E+01  1.224147E+00  1.217871E+00  1.245784E+00  1.461663E+00
  1.860000E+01  1.224587E+00  1.218189E+00  1.245873E+00  1.454028E+00
  1.880000E+01  1.224572E+00  1.217809E+00  1.246096E+00  1.455775E+00
  1.900000E+01  1.224678E+00  1.217820E+00  1.245970E+00  1.463149E+00
  1.920000E+01  1.225065E+00  1.218187E+00  1.246445E+00  1.472073E+00
  1.940000E+01  1.225205E+00  1.218416E+00  1.246258E+00  1.476067E+00
  1.960000E+01  1.224550E+00  1.217987E+00  1.245824E+00  1.468893E+00
  1.980000E+01  1.225274E+00  1.218314E+00  1.246444E+00  1.465480E+00
  2.000000E+01  1.225427E+00  1.218059E+00  1.246171E+00  1.460951E+00
  2.020000E+01  1.225786E+00  1.218574E+00  1.247186E+00  1.456742E+00
  2.040000E+01  1.225776E+00  1.218936E+00  1.246916E+00  1.452777E+00
  2.060000E+01  1.226199E+00  1.219702E+00  1.248157E+00  1.455672E+00
  2.080000E+01  1.226499E+00  1.220112E+00  1.249010E+00  1.460408E+00
  2.100000E+01  1.226509E+00  1.220172E+00  1.249336E+00  1.467515E+00
  2.120000E+01  1.226902E+00  1.220470E+00  1.250105E+00  1.468901E+00
  2.140000E+01  1.227319E+00  1.220768E+00  1.250700E+00  1.473322E+00
  2.160000E+01  1.227549E+00  1.221233E+00  1.250625E+00  1.478761E+00
  2.180000E+01  1.227505E+00  1.221584E+00  1.251065E+00  1.477087E+00
  2.200000E+01  1.227672E+00  1.222557E+00  1.251302E+00  1.476139E+00
  2.220000E+01  1.227803E+00  1.222756E+00  1.252064E+00  1.472737E+00
  2.240000E+01  1.227606E+00  1.222506E+00  1.252730E+00  1.470707E+00
  2.260000E+01  1.227900E+00  1.222864E+00  1.253089E+00  1.472610E+00
  2.280000E+01  1.227969E+00  1.222979E+00  1.254323E+00  1.472434E+00
  2.300000E+01  1.228655E+00  1.223540E+00  1.255454E+00  1.480234E+00
  2.320000E+01  1.228682E+00  1.224010E+00  1.256179E+00  1.486982E+00
  2.340000E+01  1.228510E+00  1.224194E+00  1.256758E+00  1.482417E+00
  2.360000E+01  1.227794E+00  1.223827E+00  1.257256E+00  1.477237E+00
  2.380000E+01  1.227577E+00  1.224273E+00  1.258387E+00  1.474738E+00
  2.400000E+01  1.227182E+00  1.224590E+00  1.258758E+00  1.477937E+00
  2.420000E+01  1.227646E+00  1.225026E+00  1.259238E+00  1.478844E+00
  2.440000E+01  1.228139E+00  1.225165E+00  1.260341E+00  1.482723E+00
  2.460000E+01  1.228137E+00  1.225436E+00  1.260218E+00  1.487289E+00
  2.480000E+01  1.227576E+00  1.225577E+00  1.260531E+00  1.485899E+00
  2.500000E+01  1.227666E+00  1.225863E+00  1.261483E+00  1.484930E+00
  2.520000E+01  1.227874E+00  1.225922E+00  1.261693E+00  1.485531E+00
  2.540000E+01  1.227536E+00  1.226027E+00  1.263278E+00  1.487749E+00
  2.560000E+01  1.227461E+00  1.226221E+00  1.263689E+00  1.488801E+00
  2.580000E+01  1.227364E+00  1.226378E+00  1.264598E+00  1.490942E+00
  2.600000E+01  1.227022E+00  1.226769E+00  1.265213E+00  1.489767E+00
  2.620000E+01  1.226655E+00  1.226909E+00  1.266271E+00  1.488841E+00
  2.640000E+01  1.226643E+00  1.227076E+00  1.267109E+00  1.488046E+00
  2.660000E+01  1.226598E+00  1.227428E+00  1.267444E+00  1.488085E+00
  2.680000E+01  1.226695E+00  1.227812E+00  1.268008E+00  1.488797E+00
  2.700000E+01  1.225856E+00  1.227797E+00  1.267675E+00  1.488022E+00
  2.720000E+01  1.225809E+00  1.227798E+00  1.268353E+00  1.482591E+00
  2.740000E+01  1.225522E+00  1.227711E+00  1.268750E+00  1.482673E+00
  2.760000E+01  1.226176E+00  1.228005E+00  1.269247E+00  1.487784E+00
  2.780000E+01  1.226212E+00  1.228348E+00  1.269179E+00  1.489786E+00
  2.800000E+01  1.226572E+00  1.228085E+00  1.270409E+00  1.488638E+00
  2.820000E+01  1.226303E+00  1.228360E+00  1.270867E+00  1.488974E+00
  2.840000E+01  1.225953E+00  1.228416E+00  1.271006E+00  1.486099E+00
  2.860000E+01  1.225696E+00  1.228323E+00  1.271858E+00  1.489320E+00
  2.880000E+01  1.225342E+00  1.228381E+00  1.271424E+00  1.487562E+00
  2.900000E+01  1.225325E+00  1.228739E+00  1.271433E+00  1.487574E+00
  2.920000E+01  1.224914E+00  1.229059E+00  1.271520E+00  1.487598E+00
  2.940000E+01  1.224902E+00  1.228644E+00  1.272128E+00  1.486460E+00
  2.960000E+01  1.224499E+00  1.228553E+00  1.272953E+00  1.486976E+00
  2.980000E+01  1.224545E+00  1.228645E+00  1.274144E+00  1.485248E+00
  3.000000E+01  1.224816E+00  1.228576E+00  1.274497E+00  1.484645E+00
  2.000000E-01  1.204179E+00  1.220022E+00  1.253083E+00  0.000000E+00
  4.000000E-01  1.204145E+00  1.220024E+00  1.253487E+00  0.000000E+00
  6.000000E-01  1.204026E+00  1.220016E+00  1.253799E+00  0.000000E+00
  8.000000E-01  1.204064E+00  1.220105E+00  1.254084E+00  0.000000E+00
  1.000000E+00  1.204344E+00  1.220133E+00  1.254212E+00  0.000000E+00
  1.200000E+00  1.204560E+00  1.220083E+00  1.254563E+00  0.000000E+00
  1.400000E+00  1.204924E+00  1.220067E+00  1.254814E+00  0.000000E+00
  1.600000E+00  1.205035E+00  1.220119E+00  1.254888E+00  0.000000E+00
  1.800000E+00  1.205429E+00  1.220112E+00  1.254939E+00  0.000000E+00
  2.000000E+00  1.205755E+00  1.220107E+00  1.254992E+00  0.000000E+00
  2.200000E+00  1.206118E+00  1.220186E+00  1.255320E+00  0.000000E+00
  2.400000E+00  1.205693E+00  1.220176E+00  1.255601E+00  0.000000E+00
  2.600000E+00  1.206011E+00  1.220125E+00  1.255749E+00  0.000000E+00
  2.800000E+00  1.206360E+00  1.220075E+00  1.255841E+00  0.000000E+00
  3.000000E+00  1.206577E+00  1.220044E+00  1.256036E+00  0.000000E+00
  3.200000E+00  1.206609E+00  1.219955E+00  1.255566E+00  0.000000E+00
  3.400000E+00  1.206564E+00  1.219921E+00  1.255524E+00  0.000000E+00
  3.600000E+00  1.207027E+00  1.219950E+00  1.256043E+00  0.000000E+00
  3.800000E+00  1.207332E+00  1.220005E+00  1.256247E+00  0.000000E+00
  4.000000E+00  1.207674E+00  1.219983E+00  1.256516E+00  0.000000E+00
  4.200000E+00  1.207753E+00  1.219906E+00  1.256883E+00  0.000000E+00
  4.400000E+00  1.208078E+00  1.219909E+00  1.257126E+00  0.000000E+00
  4.600000E+00  1.208160E+00  1.219979E+00  1.257134E+00  1.500000E+00
  4.800000E+00  1.208656E+00  1.220034E+00  1.256759E+00  1.250000E+00
  5.000000E+00  1.208967E+00  1.220001E+00  1.256468E+00  1.400000E+00
  5.200000E+00  1.209451E+00  1.220038E+00  1.256247E+00  1.400000E+00
  5.400000E+00  1.209986E+00  1.219967E+00  1.256288E+00  1.400000E+00
  5.600000E+00  1.210319E+00  1.219989E+00  1.255900E+00  1.571429E+00
  5.800000E+00  1.210951E+00  1.220004E+00  1.255158E+00  1.500000E+00
  6.000000E+00  1.210946E+00  1.219953E+00  1.254908E+00  1.666667E+00
  6.200000E+00  1.211046E+00  1.220010E+00  1.254992E+00  1.642857E+00
  6.400000E+00  1.211314E+00  1.220062E+00  1.254623E+00  1.545455E+00
  6.600000E+00  1.211687E+00  1.220013E+00  1.254464E+00  1.615385E+00
  6.800000E+00  1.212042E+00  1.220004E+00  1.253978E+00  1.529412E+00
  7.000000E+00  1.212325E+00  1.219819E+00  1.253639E+00  1.609756E+00
  7.200000E+00  1.212625E+00  1.219846E+00  1.252920E+00  1.541667E+00
  7.400000E+00  1.213161E+00  1.219870E+00  1.252407E+00  1.540984E+00
  7.600000E+00  1.213732E+00  1.219829E+00  1.252247E+00  1.513158E+00
  7.800000E+00  1.214003E+00  1.219750E+00  1.251665E+00  1.523810E+00
  8.000000E+00  1.214150E+00  1.219723E+00  1.250931E+00  1.514851E+00
  8.200000E+00  1.214424E+00  1.219673E+00  1.249660E+00  1.541284E+00
  8.400000E+00  1.214597E+00  1.219663E+00  1.249422E+00  1.548387E+00
  8.600000E+00  1.214999E+00  1.219672E+00  1.249141E+00  1.526667E+00
  8.800000E+00  1.215425E+00  1.219637E+00  1.247846E+00  1.546512E+00
  9.000000E+00  1.215844E+00  1.219596E+00  1.247319E+00  1.557895E+00
  9.200000E+00  1.216411E+00  1.219528E+00  1.246744E+00  1.554545E+00
  9.400000E+00  1.216686E+00  1.219520E+00  1.246779E+00  1.592437E+00
  9.600000E+00  1.217041E+00  1.219664E+00  1.246355E+00  1.561404E+00
  9.800000E+00  1.217418E+00  1.219794E+00  1.245827E+00  1.568000E+00
  1.000000E+01  1.217831E+00  1.219766E+00  1.245769E+00  1.559596E+00
  1.020000E+01  1.218310E+00  1.220141E+00  1.245561E+00  1.483434E+00
  1.040000E+01  1.219185E+00  1.220722E+00  1.245811E+00  1.493567E+00
  1.060000E+01  1.219857E+00  1.221013E+00  1.245632E+00  1.506284E+00
  1.080000E+01  1.220411E+00  1.221225E+00  1.246073E+00  1.520626E+00
  1.100000E+01  1.220956E+00  1.221297E+00  1.246294E+00  1.558944E+00
  1.120000E+01  1.221693E+00  1.221734E+00  1.246323E+00  1.532518E+00
  1.140000E+01  1.222409E+00  1.222318E+00  1.246894E+00  1.542366E+00
  1.160000E+01  1.223635E+00  1.223042E+00  1.247747E+00  1.548258E+00
  1.180000E+01  1.223925E+00  1.223068E+00  1.248059E+00  1.549936E+00
  1.200000E+01  1.224137E+00  1.223113E+00  1.247873E+00  1.560919E+00
  1.220000E+01  1.224133E+00  1.222943E+00  1.247956E+00  1.545021E+00
  1.240000E+01  1.224375E+00  1.222866E+00  1.248080E+00  1.553717E+00
  1.260000E+01  1.224077E+00  1.222457E+00  1.247622E+00  1.551684E+00
  1.280000E+01  1.224214E+00  1.222446E+00  1.247237E+00  1.542651E+00
  1.300000E+01  1.224758E+00  1.222825E+00  1.247874E+00  1.536713E+00
  1.320000E+01  1.224956E+00  1.222685E+00  1.248091E+00  1.520688E+00
  1.340000E+01  1.225194E+00  1.222766E+00  1.248418E+00  1.526509E+00
  1.360000E+01  1.225183E+00  1.222579E+00  1.248449E+00  1.511572E+00
  1.380000E+01  1.225225E+00  1.222113E+00  1.248133E+00  1.510473E+00
  1.400000E+01  1.224792E+00  1.221202E+00  1.247636E+00  1.514811E+00
  1.420000E+01  1.225519E+00  1.221534E+00  1.247854E+00  1.505382E+00
  1.440000E+01  1.224780E+00  1.220544E+00  1.247126E+00  1.500598E+00
  1.460000E+01  1.224526E+00  1.220191E+00  1.246080E+00  1.488009E+00
  1.480000E+01  1.224344E+00  1.219764E+00  1.245997E+00  1.486182E+00
  1.500000E+01  1.225020E+00  1.219886E+00  1.245615E+00  1.480691E+00
  1.520000E+01  1.224787E+00  1.219691E+00  1.246463E+00  1.482859E+00
  1.540000E+01  1.224571E+00  1.219123E+00  1.246120E+00  1.470861E+00
  1.560000E+01  1.224908E+00  1.219245E+00  1.246908E+00  1.468924E+00
  1.580000E+01  1.224696E+00  1.218694E+00  1.246427E+00  1.457147E+00
  1.600000E+01  1.223952E+00  1.217909E+00  1.245401E+00  1.459518E+00
  1.620000E+01  1.223834E+00  1.217893E+00  1.244799E+00  1.472679E+00
  1.640000E+01  1.223897E+00  1.217924E+00  1.244157E+00  1.491217E+00
  1.660000E+01  1.223321E+00  1.217367E+00  1.244196E+00  1.490478E+00
  1.680000E+01  1.222954E+00  1.217095E+00  1.244493E+00  1.491122E+00
  1.700000E+01  1.222834E+00  1.216902E+00  1.244925E+00  1.487809E+00
  1.720000E+01  1.222706E+00  1.216634E+00  1.244049E+00  1.482475E+00
  1.740000E+01  1.222777E+00  1.216445E+00  1.244178E+00  1.483763E+00
  1.760000E+01  1.222526E+00  1.216358E+00  1.243777E+00  1.481151E+00
  1.780000E+01  1.222837E+00  1.216582E+00  1.243153E+00  1.471984E+00
  1.800000E+01  1.223706E+00  1.216943E+00  1.243358E+00  1.475056E+00
  1.820000E+01  1.223391E+00  1.216689E+00  1.243039E+00  1.478248E+00
  1.840000E+01  1.223346E+00  1.216577E+00  1.243367E+00  1.478771E+00
  1.860000E+01  1.222952E+00  1.216053E+00  1.243159E+00  1.484403E+00
  1.880000E+01  1.222716E+00  1.216070E+00  1.242796E+00  1.481476E+00
  1.900000E+01  1.222496E+00  1.215459E+00  1.242237E+00  1.488892E+00
  1.920000E+01  1.222807E+00  1.215580E+00  1.242424E+00  1.492312E+00
  1.940000E+01  1.223240E+00  1.216084E+00  1.243069E+00  1.488416E+00
  1.960000E+01  1.223034E+00  1.216265E+00  1.244174E+00  1.487582E+00
  1.980000E+01  1.223224E+00  1.216691E+00  1.244500E+00  1.495420E+00
  2.000000E+01  1.224263E+00  1.217380E+00  1.245400E+00  1.500435E+00
  2.020000E+01  1.224504E+00  1.217910E+00  1.245635E+00  1.503255E+00
  2.040000E+01  1.224250E+00  1.217817E+00  1.245828E+00  1.508587E+00
  2.060000E+01  1.224548E+00  1.218373E+00  1.246415E+00  1.508114E+00
  2.080000E+01  1.224853E+00  1.218781E+00  1.246539E+00  1.509852E+00
  2.100000E+01  1.224559E+00  1.218905E+00  1.247081E+00  1.509637E+00
  2.120000E+01  1.224729E+00  1.219187E+00  1.247327E+00  1.512181E+00
  2.140000E+01  1.225308E+00  1.219819E+00  1.248066E+00  1.512441E+00
  2.160000E+01  1.225578E+00  1.220272E+00  1.249195E+00  1.516620E+00
  2.180000E+01  1.225619E+00  1.220331E+00  1.250042E+00  1.515378E+00
  2.200000E+01  1.225745E+00  1.220319E+00  1.250921E+00  1.517156E+00
  2.220000E+01  1.225956E+00  1.220742E+00  1.251106E+00  1.518100E+00
  2.240000E+01  1.226299E+00  1.220851E+00  1.251606E+00  1.514286E+00
  2.260000E+01  1.225863E+00  1.220601E+00  1.252233E+00  1.510630E+00
  2.280000E+01  1.225413E+00  1.220468E+00  1.252992E+00  1.513308E+00
  2.300000E+01  1.225577E+00  1.220598E+00  1.254562E+00  1.513605E+00
  2.320000E+01  1.225315E+00  1.221074E+00  1.254932E+00  1.513000E+00
  2.340000E+01  1.225212E+00  1.221238E+00  1.255856E+00  1.517190E+00
  2.360000E+01  1.225038E+00  1.221673E+00  1.256479E+00  1.516707E+00
  2.380000E+01  1.224976E+00  1.221847E+00  1.257443E+00  1.519107E+00
  2.400000E+01  1.225158E+00  1.222075E+00  1.258568E+00  1.521513E+00
  2.420000E+01  1.225387E+00  1.222350E+00  1.259600E+00  1.524379E+00
  2.440000E+01  1.225076E+00  1.222351E+00  1.259711E+00  1.527435E+00
  2.460000E+01  1.224132E+00  1.222218E+00  1.260421E+00  1.523055E+00
  2.480000E+01  1.223881E+00  1.222059E+00  1.261317E+00  1.523332E+00
  2.500000E+01  1.223606E+00  1.222492E+00  1.261760E+00  1.526364E+00
  2.520000E+01  1.223261E+00  1.222767E+00  1.262440E+00  1.525350E+00
  2.540000E+01  1.223294E+00  1.222965E+00  1.262702E+00  1.526962E+00
  2.560000E+01  1.223391E+00  1.223230E+00  1.263541E+00  1.528806E+00
  2.580000E+01  1.223407E+00  1.222896E+00  1.264507E+00  1.531981E+00
  2.600000E+01  1.223105E+00  1.223232E+00  1.265204E+00  1.531015E+00
  2.620000E+01  1.222920E+00  1.223288E+00  1.266593E+00  1.527397E+00
  2.640000E+01  1.222865E+00  1.223650E+00  1.266448E+00  1.528129E+00
  2.660000E+01  1.222507E+00  1.223796E+00  1.266655E+00  1.527427E+00
  2.680000E+01  1.222432E+00  1.223489E+00  1.267475E+00  1.529978E+00
  2.700000E+01  1.222972E+00  1.223707E+00  1.268033E+00  1.534257E+00
  2.720000E+01  1.222834E+00  1.224277E+00  1.268961E+00  1.528998E+00
  2.740000E+01  1.222464E+00  1.224241E+00  1.269888E+00  1.531937E+00
  2.760000E+01  1.222284E+00  1.224400E+00  1.270537E+00  1.534533E+00
  2.780000E+01  1.222437E+00  1.224297E+00  1.270088E+00  1.534887E+00
  2.800000E+01  1.222227E+00  1.224091E+00  1.270630E+00  1.537502E+00
  2.820000E+01  1.222081E+00  1.224074E+00  1.271885E+00  1.537319E+00
  2.840000E+01  1.221732E+00  1.224180E+00  1.272149E+00  1.534810E+00
  2.860000E+01  1.221500E+00  1.224405E+00  1.271846E+00  1.535290E+00
  2.880000E+01  1.221716E+00  1.224679E+00  1.272046E+00  1.537344E+00
  2.900000E+01  1.221525E+00  1.224478E+00  1.272072E+00  1.536444E+00
  2.920000E+01  1.221204E+00  1.224701E+00  1.271503E+00  1.537716E+00
  2.940000E+01  1.220457E+00  1.224920E+00  1.272136E+00  1.536788E+00
  2.960000E+01  1.220916E+00  1.225297E+00  1.272056E+00  1.534639E+00
  2.980000E+01  1.220753E+00  1.224909E+00  1.272680E+00  1.533592E+00
  3.000000E+01  1.221320E+00  1.225175E+00  1.273097E+00  1.530065E+00
