 # time N_2body(integrated) N_2body(timestep)
  2.000000E-01  0.000000E+00  0.000000E+00
  4.000000E-01  0.000000E+00  0.000000E+00
  6.000000E-01  0.000000E+00  0.000000E+00
  8.000000E-01  0.000000E+00  0.000000E+00
  1.000000E+00  0.000000E+00  0.000000E+00
  1.200000E+00  0.000000E+00  0.000000E+00
  1.400000E+00  0.000000E+00  0.000000E+00
  1.600000E+00  0.000000E+00  0.000000E+00
  1.800000E+00  0.000000E+00  0.000000E+00
  2.000000E+00  0.000000E+00  0.000000E+00
  2.200000E+00  0.000000E+00  0.000000E+00
  2.400000E+00  0.000000E+00  0.000000E+00
  2.600000E+00  0.000000E+00  0.000000E+00
  2.800000E+00  0.000000E+00  0.000000E+00
  3.000000E+00  1.000000E-04  1.000000E-04
  3.200000E+00  1.000000E-04  0.000000E+00
  3.400000E+00  1.000000E-04  0.000000E+00
  3.600000E+00  2.000000E-04  1.000000E-04
  3.800000E+00  3.000000E-04  1.000000E-04
  4.000000E+00  3.000000E-04  0.000000E+00
  4.200000E+00  3.000000E-04  0.000000E+00
  4.400000E+00  3.000000E-04  0.000000E+00
  4.600000E+00  3.000000E-04  0.000000E+00
  4.800000E+00  3.000000E-04  0.000000E+00
  5.000000E+00  3.000000E-04  0.000000E+00
  5.200000E+00  3.000000E-04  0.000000E+00
  5.400000E+00  4.000000E-04  1.000000E-04
  5.600000E+00  6.000000E-04  2.000000E-04
  5.800000E+00  6.000000E-04  0.000000E+00
  6.000000E+00  6.000000E-04  0.000000E+00
  6.200000E+00  7.000000E-04  1.000000E-04
  6.400000E+00  7.000000E-04  0.000000E+00
  6.600000E+00  8.000000E-04  1.000000E-04
  6.800000E+00  8.000000E-04  0.000000E+00
  7.000000E+00  1.200000E-03  4.000000E-04
  7.200000E+00  1.500000E-03  3.000000E-04
  7.400000E+00  1.800000E-03  3.000000E-04
  7.600000E+00  2.600000E-03  8.000000E-04
  7.800000E+00  3.500000E-03  9.000000E-04
  8.000000E+00  4.100000E-03  6.000000E-04
  8.200000E+00  4.900000E-03  8.000000E-04
  8.400000E+00  6.100000E-03  1.200000E-03
  8.600000E+00  6.700000E-03  6.000000E-04
  8.800000E+00  8.000000E-03  1.300000E-03
  9.000000E+00  9.200000E-03  1.200000E-03
  9.200000E+00  1.080000E-02  1.600000E-03
  9.400000E+00  1.310000E-02  2.300000E-03
  9.600000E+00  1.430000E-02  1.200000E-03
  9.800000E+00  1.690000E-02  2.600000E-03
  1.000000E+01  1.900000E-02  2.100000E-03
  1.020000E+01  2.120000E-02  2.200000E-03
  1.040000E+01  2.310000E-02  1.900000E-03
  1.060000E+01  2.490000E-02  1.800000E-03
  1.080000E+01  2.800000E-02  3.100000E-03
  1.100000E+01  3.170000E-02  3.700000E-03
  1.120000E+01  3.540000E-02  3.700000E-03
  1.140000E+01  3.980000E-02  4.400000E-03
  1.160000E+01  4.500000E-02  5.200000E-03
  1.180000E+01  5.110000E-02  6.100000E-03
  1.200000E+01  6.680000E-02  1.570000E-02
  1.220000E+01  9.230000E-02  2.550000E-02
  1.240000E+01  1.261000E-01  3.380000E-02
  1.260000E+01  1.722000E-01  4.610000E-02
  1.280000E+01  2.295000E-01  5.730000E-02
  1.300000E+01  3.051000E-01  7.560000E-02
  1.320000E+01  4.032000E-01  9.810000E-02
  1.340000E+01  5.208000E-01  1.176000E-01
  1.360000E+01  6.539000E-01  1.331000E-01
  1.380000E+01  8.115000E-01  1.576000E-01
  1.400000E+01  9.873000E-01  1.758000E-01
  1.420000E+01  1.174300E+00  1.870000E-01
  1.440000E+01  1.382200E+00  2.079000E-01
  1.460000E+01  1.596600E+00  2.144000E-01
  1.480000E+01  1.819400E+00  2.228000E-01
  1.500000E+01  2.056400E+00  2.370000E-01
  1.520000E+01  2.312600E+00  2.562000E-01
  1.540000E+01  2.566300E+00  2.537000E-01
  1.560000E+01  2.834100E+00  2.678000E-01
  1.580000E+01  3.098500E+00  2.644000E-01
  1.600000E+01  3.372900E+00  2.744000E-01
  1.620000E+01  3.648200E+00  2.753000E-01
  1.640000E+01  3.930300E+00  2.821000E-01
  1.660000E+01  4.202300E+00  2.720000E-01
  1.680000E+01  4.485800E+00  2.835000E-01
  1.700000E+01  4.767100E+00  2.813000E-01
  1.720000E+01  5.047400E+00  2.803000E-01
  1.740000E+01  5.324500E+00  2.771000E-01
  1.760000E+01  5.602100E+00  2.776000E-01
  1.780000E+01  5.884500E+00  2.824000E-01
  1.800000E+01  6.170800E+00  2.863000E-01
  1.820000E+01  6.449800E+00  2.790000E-01
  1.840000E+01  6.739900E+00  2.901000E-01
  1.860000E+01  7.015200E+00  2.753000E-01
  1.880000E+01  7.292100E+00  2.769000E-01
  1.900000E+01  7.572500E+00  2.804000E-01
  1.920000E+01  7.848600E+00  2.761000E-01
  1.940000E+01  8.124200E+00  2.756000E-01
  1.960000E+01  8.398400E+00  2.742000E-01
  1.980000E+01  8.675600E+00  2.772000E-01
  2.000000E+01  8.952800E+00  2.772000E-01
  2.020000E+01  9.222500E+00  2.697000E-01
  2.040000E+01  9.487500E+00  2.650000E-01
  2.060000E+01  9.765200E+00  2.777000E-01
  2.080000E+01  1.003020E+01  2.650000E-01
  2.100000E+01  1.029620E+01  2.660000E-01
  2.120000E+01  1.056010E+01  2.639000E-01
  2.140000E+01  1.082800E+01  2.679000E-01
  2.160000E+01  1.109510E+01  2.671000E-01
  2.180000E+01  1.135250E+01  2.574000E-01
  2.200000E+01  1.159830E+01  2.458000E-01
  2.220000E+01  1.184670E+01  2.484000E-01
  2.240000E+01  1.210230E+01  2.556000E-01
  2.260000E+01  1.234820E+01  2.459000E-01
  2.280000E+01  1.259510E+01  2.469000E-01
  2.300000E+01  1.283610E+01  2.410000E-01
  2.320000E+01  1.308570E+01  2.496000E-01
  2.340000E+01  1.332840E+01  2.427000E-01
  2.360000E+01  1.355240E+01  2.240000E-01
  2.380000E+01  1.378230E+01  2.299000E-01
  2.400000E+01  1.400490E+01  2.226000E-01
  2.420000E+01  1.422500E+01  2.201000E-01
  2.440000E+01  1.445010E+01  2.251000E-01
  2.460000E+01  1.467500E+01  2.249000E-01
  2.480000E+01  1.489020E+01  2.152000E-01
  2.500000E+01  1.510150E+01  2.113000E-01
  2.520000E+01  1.531240E+01  2.109000E-01
  2.540000E+01  1.552880E+01  2.164000E-01
  2.560000E+01  1.573670E+01  2.079000E-01
  2.580000E+01  1.594200E+01  2.053000E-01
  2.600000E+01  1.614250E+01  2.005000E-01
  2.620000E+01  1.634220E+01  1.997000E-01
  2.640000E+01  1.654020E+01  1.980000E-01
  2.660000E+01  1.673260E+01  1.924000E-01
  2.680000E+01  1.692300E+01  1.904000E-01
  2.700000E+01  1.711000E+01  1.870000E-01
  2.720000E+01  1.729280E+01  1.828000E-01
  2.740000E+01  1.747400E+01  1.812000E-01
  2.760000E+01  1.765680E+01  1.828000E-01
  2.780000E+01  1.783960E+01  1.828000E-01
  2.800000E+01  1.802620E+01  1.866000E-01
  2.820000E+01  1.820080E+01  1.746000E-01
  2.840000E+01  1.836780E+01  1.670000E-01
  2.860000E+01  1.854130E+01  1.735000E-01
  2.880000E+01  1.871350E+01  1.722000E-01
  2.900000E+01  1.887460E+01  1.611000E-01
  2.920000E+01  1.904610E+01  1.715000E-01
  2.940000E+01  1.920980E+01  1.637000E-01
  2.960000E+01  1.937790E+01  1.681000E-01
  2.980000E+01  1.953620E+01  1.583000E-01
  3.000000E+01  1.969490E+01  1.587000E-01
  2.000000E-01  0.000000E+00  0.000000E+00
  4.000000E-01  0.000000E+00  0.000000E+00
  6.000000E-01  0.000000E+00  0.000000E+00
  8.000000E-01  0.000000E+00  0.000000E+00
  1.000000E+00  0.000000E+00  0.000000E+00
  1.200000E+00  0.000000E+00  0.000000E+00
  1.400000E+00  0.000000E+00  0.000000E+00
  1.600000E+00  0.000000E+00  0.000000E+00
  1.800000E+00  0.000000E+00  0.000000E+00
  2.000000E+00  0.000000E+00  0.000000E+00
  2.200000E+00  0.000000E+00  0.000000E+00
  2.400000E+00  0.000000E+00  0.000000E+00
  2.600000E+00  0.000000E+00  0.000000E+00
  2.800000E+00  0.000000E+00  0.000000E+00
  3.000000E+00  0.000000E+00  0.000000E+00
  3.200000E+00  0.000000E+00  0.000000E+00
  3.400000E+00  0.000000E+00  0.000000E+00
  3.600000E+00  0.000000E+00  0.000000E+00
  3.800000E+00  1.000000E-04  1.000000E-04
  4.000000E+00  1.000000E-04  0.000000E+00
  4.200000E+00  1.000000E-04  0.000000E+00
  4.400000E+00  1.000000E-04  0.000000E+00
  4.600000E+00  1.000000E-04  0.000000E+00
  4.800000E+00  2.000000E-04  1.000000E-04
  5.000000E+00  2.000000E-04  0.000000E+00
  5.200000E+00  3.000000E-04  1.000000E-04
  5.400000E+00  4.000000E-04  1.000000E-04
  5.600000E+00  4.000000E-04  0.000000E+00
  5.800000E+00  4.000000E-04  0.000000E+00
  6.000000E+00  4.000000E-04  0.000000E+00
  6.200000E+00  4.000000E-04  0.000000E+00
  6.400000E+00  6.000000E-04  2.000000E-04
  6.600000E+00  1.000000E-03  4.000000E-04
  6.800000E+00  1.300000E-03  3.000000E-04
  7.000000E+00  2.100000E-03  8.000000E-04
  7.200000E+00  2.500000E-03  4.000000E-04
  7.400000E+00  2.800000E-03  3.000000E-04
  7.600000E+00  3.200000E-03  4.000000E-04
  7.800000E+00  3.500000E-03  3.000000E-04
  8.000000E+00  4.100000E-03  6.000000E-04
  8.200000E+00  5.100000E-03  1.000000E-03
  8.400000E+00  5.900000E-03  8.000000E-04
  8.600000E+00  7.100000E-03  1.200000E-03
  8.800000E+00  7.800000E-03  7.000000E-04
  9.000000E+00  9.000000E-03  1.200000E-03
  9.200000E+00  1.080000E-02  1.800000E-03
  9.400000E+00  1.200000E-02  1.200000E-03
  9.600000E+00  1.340000E-02  1.400000E-03
  9.800000E+00  1.520000E-02  1.800000E-03
  1.000000E+01  1.710000E-02  1.900000E-03
  1.020000E+01  2.010000E-02  3.000000E-03
  1.040000E+01  2.220000E-02  2.100000E-03
  1.060000E+01  2.440000E-02  2.200000E-03
  1.080000E+01  2.750000E-02  3.100000E-03
  1.100000E+01  3.060000E-02  3.100000E-03
  1.120000E+01  3.410000E-02  3.500000E-03
  1.140000E+01  4.010000E-02  6.000000E-03
  1.160000E+01  4.700000E-02  6.900000E-03
  1.180000E+01  5.510000E-02  8.100000E-03
  1.200000E+01  6.980000E-02  1.470000E-02
  1.220000E+01  9.540000E-02  2.560000E-02
  1.240000E+01  1.303000E-01  3.490000E-02
  1.260000E+01  1.777000E-01  4.740000E-02
  1.280000E+01  2.410000E-01  6.330000E-02
  1.300000E+01  3.204000E-01  7.940000E-02
  1.320000E+01  4.219000E-01  1.015000E-01
  1.340000E+01  5.348000E-01  1.129000E-01
  1.360000E+01  6.656000E-01  1.308000E-01
  1.380000E+01  8.213000E-01  1.557000E-01
  1.400000E+01  1.002800E+00  1.815000E-01
  1.420000E+01  1.197000E+00  1.942000E-01
  1.440000E+01  1.399800E+00  2.028000E-01
  1.460000E+01  1.612600E+00  2.128000E-01
  1.480000E+01  1.831700E+00  2.191000E-01
  1.500000E+01  2.071700E+00  2.400000E-01
  1.520000E+01  2.309500E+00  2.378000E-01
  1.540000E+01  2.560000E+00  2.505000E-01
  1.560000E+01  2.815100E+00  2.551000E-01
  1.580000E+01  3.074700E+00  2.596000E-01
  1.600000E+01  3.337600E+00  2.629000E-01
  1.620000E+01  3.622900E+00  2.853000E-01
  1.640000E+01  3.897700E+00  2.748000E-01
  1.660000E+01  4.184600E+00  2.869000E-01
  1.680000E+01  4.471500E+00  2.869000E-01
  1.700000E+01  4.737400E+00  2.659000E-01
  1.720000E+01  5.022800E+00  2.854000E-01
  1.740000E+01  5.307200E+00  2.844000E-01
  1.760000E+01  5.597300E+00  2.901000E-01
  1.780000E+01  5.880800E+00  2.835000E-01
  1.800000E+01  6.155600E+00  2.748000E-01
  1.820000E+01  6.438800E+00  2.832000E-01
  1.840000E+01  6.718100E+00  2.793000E-01
  1.860000E+01  7.004300E+00  2.862000E-01
  1.880000E+01  7.286200E+00  2.819000E-01
  1.900000E+01  7.575400E+00  2.892000E-01
  1.920000E+01  7.853900E+00  2.785000E-01
  1.940000E+01  8.133300E+00  2.794000E-01
  1.960000E+01  8.418900E+00  2.856000E-01
  1.980000E+01  8.700900E+00  2.820000E-01
  2.000000E+01  8.980500E+00  2.796000E-01
  2.020000E+01  9.254100E+00  2.736000E-01
  2.040000E+01  9.513600E+00  2.595000E-01
  2.060000E+01  9.787300E+00  2.737000E-01
  2.080000E+01  1.006010E+01  2.728000E-01
  2.100000E+01  1.033220E+01  2.721000E-01
  2.120000E+01  1.060340E+01  2.712000E-01
  2.140000E+01  1.086580E+01  2.624000E-01
  2.160000E+01  1.114040E+01  2.746000E-01
  2.180000E+01  1.140220E+01  2.618000E-01
  2.200000E+01  1.165610E+01  2.539000E-01
  2.220000E+01  1.191320E+01  2.571000E-01
  2.240000E+01  1.217280E+01  2.596000E-01
  2.260000E+01  1.242630E+01  2.535000E-01
  2.280000E+01  1.267570E+01  2.494000E-01
  2.300000E+01  1.291990E+01  2.442000E-01
  2.320000E+01  1.315870E+01  2.388000E-01
  2.340000E+01  1.340320E+01  2.445000E-01
  2.360000E+01  1.363960E+01  2.364000E-01
  2.380000E+01  1.387280E+01  2.332000E-01
  2.400000E+01  1.410740E+01  2.346000E-01
  2.420000E+01  1.434130E+01  2.339000E-01
  2.440000E+01  1.456320E+01  2.219000E-01
  2.460000E+01  1.478540E+01  2.222000E-01
  2.480000E+01  1.500730E+01  2.219000E-01
  2.500000E+01  1.522500E+01  2.177000E-01
  2.520000E+01  1.543740E+01  2.124000E-01
  2.540000E+01  1.565400E+01  2.166000E-01
  2.560000E+01  1.586540E+01  2.114000E-01
  2.580000E+01  1.607070E+01  2.053000E-01
  2.600000E+01  1.628010E+01  2.094000E-01
  2.620000E+01  1.648520E+01  2.051000E-01
  2.640000E+01  1.668380E+01  1.986000E-01
  2.660000E+01  1.688980E+01  2.060000E-01
  2.680000E+01  1.708880E+01  1.990000E-01
  2.700000E+01  1.728080E+01  1.920000E-01
  2.720000E+01  1.746660E+01  1.858000E-01
  2.740000E+01  1.765190E+01  1.853000E-01
  2.760000E+01  1.784230E+01  1.904000E-01
  2.780000E+01  1.801790E+01  1.756000E-01
  2.800000E+01  1.820020E+01  1.823000E-01
  2.820000E+01  1.838140E+01  1.812000E-01
  2.840000E+01  1.855820E+01  1.768000E-01
  2.860000E+01  1.873430E+01  1.761000E-01
  2.880000E+01  1.889840E+01  1.641000E-01
  2.900000E+01  1.906430E+01  1.659000E-01
  2.920000E+01  1.922380E+01  1.595000E-01
  2.940000E+01  1.938740E+01  1.636000E-01
  2.960000E+01  1.954930E+01  1.619000E-01
  2.980000E+01  1.970920E+01  1.599000E-01
  3.000000E+01  1.985990E+01  1.507000E-01
  2.000000E-01  0.000000E+00  0.000000E+00
  4.000000E-01  0.000000E+00  0.000000E+00
  6.000000E-01  0.000000E+00  0.000000E+00
  8.000000E-01  0.000000E+00  0.000000E+00
  1.000000E+00  0.000000E+00  0.000000E+00
  1.200000E+00  0.000000E+00  0.000000E+00
  1.400000E+00  0.000000E+00  0.000000E+00
  1.600000E+00  0.000000E+00  0.000000E+00
  1.800000E+00  0.000000E+00  0.000000E+00
  2.000000E+00  0.000000E+00  0.000000E+00
  2.200000E+00  0.000000E+00  0.000000E+00
  2.400000E+00  0.000000E+00  0.000000E+00
  2.600000E+00  0.000000E+00  0.000000E+00
  2.800000E+00  0.000000E+00  0.000000E+00
  3.000000E+00  0.000000E+00  0.000000E+00
  3.200000E+00  0.000000E+00  0.000000E+00
  3.400000E+00  0.000000E+00  0.000000E+00
  3.600000E+00  0.000000E+00  0.000000E+00
  3.800000E+00  0.000000E+00  0.000000E+00
  4.000000E+00  0.000000E+00  0.000000E+00
  4.200000E+00  0.000000E+00  0.000000E+00
  4.400000E+00  0.000000E+00  0.000000E+00
  4.600000E+00  0.000000E+00  0.000000E+00
  4.800000E+00  0.000000E+00  0.000000E+00
  5.000000E+00  0.000000E+00  0.000000E+00
  5.200000E+00  0.000000E+00  0.000000E+00
  5.400000E+00  0.000000E+00  0.000000E+00
  5.600000E+00  1.000000E-04  1.000000E-04
  5.800000E+00  2.000000E-04  1.000000E-04
  6.000000E+00  2.000000E-04  0.000000E+00
  6.200000E+00  3.000000E-04  1.000000E-04
  6.400000E+00  3.000000E-04  0.000000E+00
  6.600000E+00  8.000000E-04  5.000000E-04
  6.800000E+00  1.500000E-03  7.000000E-04
  7.000000E+00  1.800000E-03  3.000000E-04
  7.200000E+00  2.200000E-03  4.000000E-04
  7.400000E+00  2.600000E-03  4.000000E-04
  7.600000E+00  3.100000E-03  5.000000E-04
  7.800000E+00  3.600000E-03  5.000000E-04
  8.000000E+00  4.000000E-03  4.000000E-04
  8.200000E+00  4.500000E-03  5.000000E-04
  8.400000E+00  5.400000E-03  9.000000E-04
  8.600000E+00  6.200000E-03  8.000000E-04
  8.800000E+00  8.200000E-03  2.000000E-03
  9.000000E+00  9.700000E-03  1.500000E-03
  9.200000E+00  1.180000E-02  2.100000E-03
  9.400000E+00  1.310000E-02  1.300000E-03
  9.600000E+00  1.490000E-02  1.800000E-03
  9.800000E+00  1.640000E-02  1.500000E-03
  1.000000E+01  1.790000E-02  1.500000E-03
  1.020000E+01  1.980000E-02  1.900000E-03
  1.040000E+01  2.310000E-02  3.300000E-03
  1.060000E+01  2.540000E-02  2.300000E-03
  1.080000E+01  2.910000E-02  3.700000E-03
  1.100000E+01  3.260000E-02  3.500000E-03
  1.120000E+01  3.660000E-02  4.000000E-03
  1.140000E+01  4.090000E-02  4.300000E-03
  1.160000E+01  4.670000E-02  5.800000E-03
  1.180000E+01  5.410000E-02  7.400000E-03
  1.200000E+01  6.810000E-02  1.400000E-02
  1.220000E+01  9.160000E-02  2.350000E-02
  1.240000E+01  1.261000E-01  3.450000E-02
  1.260000E+01  1.706000E-01  4.450000E-02
  1.280000E+01  2.286000E-01  5.800000E-02
  1.300000E+01  3.083000E-01  7.970000E-02
  1.320000E+01  4.002000E-01  9.190000E-02
  1.340000E+01  5.171000E-01  1.169000E-01
  1.360000E+01  6.511000E-01  1.340000E-01
  1.380000E+01  8.063000E-01  1.552000E-01
  1.400000E+01  9.786000E-01  1.723000E-01
  1.420000E+01  1.163800E+00  1.852000E-01
  1.440000E+01  1.378600E+00  2.148000E-01
  1.460000E+01  1.601300E+00  2.227000E-01
  1.480000E+01  1.830700E+00  2.294000E-01
  1.500000E+01  2.064900E+00  2.342000E-01
  1.520000E+01  2.306500E+00  2.416000E-01
  1.540000E+01  2.556500E+00  2.500000E-01
  1.560000E+01  2.802000E+00  2.455000E-01
  1.580000E+01  3.070600E+00  2.686000E-01
  1.600000E+01  3.331100E+00  2.605000E-01
  1.620000E+01  3.605800E+00  2.747000E-01
  1.640000E+01  3.874700E+00  2.689000E-01
  1.660000E+01  4.145400E+00  2.707000E-01
  1.680000E+01  4.418300E+00  2.729000E-01
  1.700000E+01  4.706600E+00  2.883000E-01
  1.720000E+01  4.975400E+00  2.688000E-01
  1.740000E+01  5.258400E+00  2.830000E-01
  1.760000E+01  5.530200E+00  2.718000E-01
  1.780000E+01  5.813500E+00  2.833000E-01
  1.800000E+01  6.084300E+00  2.708000E-01
  1.820000E+01  6.359900E+00  2.756000E-01
  1.840000E+01  6.644500E+00  2.846000E-01
  1.860000E+01  6.919400E+00  2.749000E-01
  1.880000E+01  7.195000E+00  2.756000E-01
  1.900000E+01  7.476200E+00  2.812000E-01
  1.920000E+01  7.752100E+00  2.759000E-01
  1.940000E+01  8.032300E+00  2.802000E-01
  1.960000E+01  8.311500E+00  2.792000E-01
  1.980000E+01  8.588200E+00  2.767000E-01
  2.000000E+01  8.865300E+00  2.771000E-01
  2.020000E+01  9.137800E+00  2.725000E-01
  2.040000E+01  9.406600E+00  2.688000E-01
  2.060000E+01  9.674900E+00  2.683000E-01
  2.080000E+01  9.939000E+00  2.641000E-01
  2.100000E+01  1.020470E+01  2.657000E-01
  2.120000E+01  1.046800E+01  2.633000E-01
  2.140000E+01  1.072500E+01  2.570000E-01
  2.160000E+01  1.097830E+01  2.533000E-01
  2.180000E+01  1.123490E+01  2.566000E-01
  2.200000E+01  1.149020E+01  2.553000E-01
  2.220000E+01  1.174280E+01  2.526000E-01
  2.240000E+01  1.198750E+01  2.447000E-01
  2.260000E+01  1.224000E+01  2.525000E-01
  2.280000E+01  1.248320E+01  2.432000E-01
  2.300000E+01  1.273780E+01  2.546000E-01
  2.320000E+01  1.296860E+01  2.308000E-01
  2.340000E+01  1.320720E+01  2.386000E-01
  2.360000E+01  1.343540E+01  2.282000E-01
  2.380000E+01  1.366130E+01  2.259000E-01
  2.400000E+01  1.388810E+01  2.268000E-01
  2.420000E+01  1.411990E+01  2.318000E-01
  2.440000E+01  1.434500E+01  2.251000E-01
  2.460000E+01  1.456610E+01  2.211000E-01
  2.480000E+01  1.477910E+01  2.130000E-01
  2.500000E+01  1.499910E+01  2.200000E-01
  2.520000E+01  1.521190E+01  2.128000E-01
  2.540000E+01  1.542560E+01  2.137000E-01
  2.560000E+01  1.563020E+01  2.046000E-01
  2.580000E+01  1.584050E+01  2.103000E-01
  2.600000E+01  1.605020E+01  2.097000E-01
  2.620000E+01  1.625640E+01  2.062000E-01
  2.640000E+01  1.645640E+01  2.000000E-01
  2.660000E+01  1.665260E+01  1.962000E-01
  2.680000E+01  1.684770E+01  1.951000E-01
  2.700000E+01  1.704240E+01  1.947000E-01
  2.720000E+01  1.723230E+01  1.899000E-01
  2.740000E+01  1.741890E+01  1.866000E-01
  2.760000E+01  1.760260E+01  1.837000E-01
  2.780000E+01  1.778520E+01  1.826000E-01
  2.800000E+01  1.795700E+01  1.718000E-01
  2.820000E+01  1.812620E+01  1.692000E-01
  2.840000E+01  1.830100E+01  1.748000E-01
  2.860000E+01  1.847100E+01  1.700000E-01
  2.880000E+01  1.863690E+01  1.659000E-01
  2.900000E+01  1.880220E+01  1.653000E-01
  2.920000E+01  1.895930E+01  1.571000E-01
  2.940000E+01  1.912560E+01  1.663000E-01
  2.960000E+01  1.928860E+01  1.630000E-01
  2.980000E+01  1.944790E+01  1.593000E-01
  3.000000E+01  1.960910E+01  1.612000E-01
  2.000000E-01  0.000000E+00  0.000000E+00
  4.000000E-01  0.000000E+00  0.000000E+00
  6.000000E-01  0.000000E+00  0.000000E+00
  8.000000E-01  0.000000E+00  0.000000E+00
  1.000000E+00  0.000000E+00  0.000000E+00
  1.200000E+00  0.000000E+00  0.000000E+00
  1.400000E+00  0.000000E+00  0.000000E+00
  1.600000E+00  0.000000E+00  0.000000E+00
  1.800000E+00  0.000000E+00  0.000000E+00
  2.000000E+00  0.000000E+00  0.000000E+00
  2.200000E+00  0.000000E+00  0.000000E+00
  2.400000E+00  0.000000E+00  0.000000E+00
  2.600000E+00  0.000000E+00  0.000000E+00
  2.800000E+00  0.000000E+00  0.000000E+00
  3.000000E+00  0.000000E+00  0.000000E+00
  3.200000E+00  0.000000E+00  0.000000E+00
  3.400000E+00  1.000000E-04  1.000000E-04
  3.600000E+00  1.000000E-04  0.000000E+00
  3.800000E+00  1.000000E-04  0.000000E+00
  4.000000E+00  1.000000E-04  0.000000E+00
  4.200000E+00  1.000000E-04  0.000000E+00
  4.400000E+00  1.000000E-04  0.000000E+00
  4.600000E+00  1.000000E-04  0.000000E+00
  4.800000E+00  1.000000E-04  0.000000E+00
  5.000000E+00  2.000000E-04  1.000000E-04
  5.200000E+00  4.000000E-04  2.000000E-04
  5.400000E+00  5.000000E-04  1.000000E-04
  5.600000E+00  6.000000E-04  1.000000E-04
  5.800000E+00  8.000000E-04  2.000000E-04
  6.000000E+00  1.000000E-03  2.000000E-04
  6.200000E+00  1.000000E-03  0.000000E+00
  6.400000E+00  1.000000E-03  0.000000E+00
  6.600000E+00  1.200000E-03  2.000000E-04
  6.800000E+00  1.300000E-03  1.000000E-04
  7.000000E+00  1.600000E-03  3.000000E-04
  7.200000E+00  2.100000E-03  5.000000E-04
  7.400000E+00  2.300000E-03  2.000000E-04
  7.600000E+00  2.600000E-03  3.000000E-04
  7.800000E+00  3.200000E-03  6.000000E-04
  8.000000E+00  4.000000E-03  8.000000E-04
  8.200000E+00  4.600000E-03  6.000000E-04
  8.400000E+00  5.400000E-03  8.000000E-04
  8.600000E+00  6.400000E-03  1.000000E-03
  8.800000E+00  7.100000E-03  7.000000E-04
  9.000000E+00  8.200000E-03  1.100000E-03
  9.200000E+00  1.080000E-02  2.600000E-03
  9.400000E+00  1.260000E-02  1.800000E-03
  9.600000E+00  1.430000E-02  1.700000E-03
  9.800000E+00  1.630000E-02  2.000000E-03
  1.000000E+01  1.780000E-02  1.500000E-03
  1.020000E+01  1.990000E-02  2.100000E-03
  1.040000E+01  2.220000E-02  2.300000E-03
  1.060000E+01  2.380000E-02  1.600000E-03
  1.080000E+01  2.580000E-02  2.000000E-03
  1.100000E+01  2.870000E-02  2.900000E-03
  1.120000E+01  3.260000E-02  3.900000E-03
  1.140000E+01  3.830000E-02  5.700000E-03
  1.160000E+01  4.420000E-02  5.900000E-03
  1.180000E+01  5.010000E-02  5.900000E-03
  1.200000E+01  6.390000E-02  1.380000E-02
  1.220000E+01  8.590000E-02  2.200000E-02
  1.240000E+01  1.182000E-01  3.230000E-02
  1.260000E+01  1.624000E-01  4.420000E-02
  1.280000E+01  2.246000E-01  6.220000E-02
  1.300000E+01  3.029000E-01  7.830000E-02
  1.320000E+01  4.054000E-01  1.025000E-01
  1.340000E+01  5.289000E-01  1.235000E-01
  1.360000E+01  6.666000E-01  1.377000E-01
  1.380000E+01  8.204000E-01  1.538000E-01
  1.400000E+01  9.994000E-01  1.790000E-01
  1.420000E+01  1.200000E+00  2.006000E-01
  1.440000E+01  1.409800E+00  2.098000E-01
  1.460000E+01  1.625600E+00  2.158000E-01
  1.480000E+01  1.860100E+00  2.345000E-01
  1.500000E+01  2.109100E+00  2.490000E-01
  1.520000E+01  2.356800E+00  2.477000E-01
  1.540000E+01  2.618000E+00  2.612000E-01
  1.560000E+01  2.878200E+00  2.602000E-01
  1.580000E+01  3.144600E+00  2.664000E-01
  1.600000E+01  3.417400E+00  2.728000E-01
  1.620000E+01  3.679000E+00  2.616000E-01
  1.640000E+01  3.958200E+00  2.792000E-01
  1.660000E+01  4.234800E+00  2.766000E-01
  1.680000E+01  4.515700E+00  2.809000E-01
  1.700000E+01  4.791800E+00  2.761000E-01
  1.720000E+01  5.080100E+00  2.883000E-01
  1.740000E+01  5.366100E+00  2.860000E-01
  1.760000E+01  5.641500E+00  2.754000E-01
  1.780000E+01  5.924600E+00  2.831000E-01
  1.800000E+01  6.214100E+00  2.895000E-01
  1.820000E+01  6.501200E+00  2.871000E-01
  1.840000E+01  6.778900E+00  2.777000E-01
  1.860000E+01  7.078000E+00  2.991000E-01
  1.880000E+01  7.367200E+00  2.892000E-01
  1.900000E+01  7.644000E+00  2.768000E-01
  1.920000E+01  7.922200E+00  2.782000E-01
  1.940000E+01  8.207700E+00  2.855000E-01
  1.960000E+01  8.488800E+00  2.811000E-01
  1.980000E+01  8.761600E+00  2.728000E-01
  2.000000E+01  9.029100E+00  2.675000E-01
  2.020000E+01  9.309200E+00  2.801000E-01
  2.040000E+01  9.583300E+00  2.741000E-01
  2.060000E+01  9.854100E+00  2.708000E-01
  2.080000E+01  1.012080E+01  2.667000E-01
  2.100000E+01  1.038830E+01  2.675000E-01
  2.120000E+01  1.065610E+01  2.678000E-01
  2.140000E+01  1.091910E+01  2.630000E-01
  2.160000E+01  1.118440E+01  2.653000E-01
  2.180000E+01  1.144670E+01  2.623000E-01
  2.200000E+01  1.170290E+01  2.562000E-01
  2.220000E+01  1.195000E+01  2.471000E-01
  2.240000E+01  1.219710E+01  2.471000E-01
  2.260000E+01  1.243890E+01  2.418000E-01
  2.280000E+01  1.268690E+01  2.480000E-01
  2.300000E+01  1.293460E+01  2.477000E-01
  2.320000E+01  1.317260E+01  2.380000E-01
  2.340000E+01  1.341900E+01  2.464000E-01
  2.360000E+01  1.365130E+01  2.323000E-01
  2.380000E+01  1.388620E+01  2.349000E-01
  2.400000E+01  1.411180E+01  2.256000E-01
  2.420000E+01  1.434600E+01  2.342000E-01
  2.440000E+01  1.457120E+01  2.252000E-01
  2.460000E+01  1.479370E+01  2.225000E-01
  2.480000E+01  1.501820E+01  2.245000E-01
  2.500000E+01  1.523700E+01  2.188000E-01
  2.520000E+01  1.544920E+01  2.122000E-01
  2.540000E+01  1.566410E+01  2.149000E-01
  2.560000E+01  1.587980E+01  2.157000E-01
  2.580000E+01  1.608520E+01  2.054000E-01
  2.600000E+01  1.629700E+01  2.118000E-01
  2.620000E+01  1.650140E+01  2.044000E-01
  2.640000E+01  1.669430E+01  1.929000E-01
  2.660000E+01  1.689710E+01  2.028000E-01
  2.680000E+01  1.708410E+01  1.870000E-01
  2.700000E+01  1.728060E+01  1.965000E-01
  2.720000E+01  1.746380E+01  1.832000E-01
  2.740000E+01  1.764910E+01  1.853000E-01
  2.760000E+01  1.783620E+01  1.871000E-01
  2.780000E+01  1.802180E+01  1.856000E-01
  2.800000E+01  1.820590E+01  1.841000E-01
  2.820000E+01  1.838160E+01  1.757000E-01
  2.840000E+01  1.855890E+01  1.773000E-01
  2.860000E+01  1.873500E+01  1.761000E-01
  2.880000E+01  1.890930E+01  1.743000E-01
  2.900000E+01  1.907830E+01  1.690000E-01
  2.920000E+01  1.924830E+01  1.700000E-01
  2.940000E+01  1.940980E+01  1.615000E-01
  2.960000E+01  1.956690E+01  1.571000E-01
  2.980000E+01  1.972880E+01  1.619000E-01
  3.000000E+01  1.989310E+01  1.643000E-01
  2.000000E-01  0.000000E+00  0.000000E+00
  4.000000E-01  0.000000E+00  0.000000E+00
  6.000000E-01  0.000000E+00  0.000000E+00
  8.000000E-01  0.000000E+00  0.000000E+00
  1.000000E+00  0.000000E+00  0.000000E+00
  1.200000E+00  0.000000E+00  0.000000E+00
  1.400000E+00  0.000000E+00  0.000000E+00
  1.600000E+00  0.000000E+00  0.000000E+00
  1.800000E+00  0.000000E+00  0.000000E+00
  2.000000E+00  0.000000E+00  0.000000E+00
  2.200000E+00  0.000000E+00  0.000000E+00
  2.400000E+00  0.000000E+00  0.000000E+00
  2.600000E+00  0.000000E+00  0.000000E+00
  2.800000E+00  0.000000E+00  0.000000E+00
  3.000000E+00  0.000000E+00  0.000000E+00
  3.200000E+00  0.000000E+00  0.000000E+00
  3.400000E+00  0.000000E+00  0.000000E+00
  3.600000E+00  0.000000E+00  0.000000E+00
  3.800000E+00  0.000000E+00  0.000000E+00
  4.000000E+00  0.000000E+00  0.000000E+00
  4.200000E+00  0.000000E+00  0.000000E+00
  4.400000E+00  1.000000E-04  1.000000E-04
  4.600000E+00  2.000000E-04  1.000000E-04
  4.800000E+00  2.000000E-04  0.000000E+00
  5.000000E+00  2.000000E-04  0.000000E+00
  5.200000E+00  2.000000E-04  0.000000E+00
  5.400000E+00  2.000000E-04  0.000000E+00
  5.600000E+00  2.000000E-04  0.000000E+00
  5.800000E+00  2.000000E-04  0.000000E+00
  6.000000E+00  3.000000E-04  1.000000E-04
  6.200000E+00  3.000000E-04  0.000000E+00
  6.400000E+00  4.000000E-04  1.000000E-04
  6.600000E+00  6.000000E-04  2.000000E-04
  6.800000E+00  1.100000E-03  5.000000E-04
  7.000000E+00  1.200000E-03  1.000000E-04
  7.200000E+00  1.700000E-03  5.000000E-04
  7.400000E+00  2.000000E-03  3.000000E-04
  7.600000E+00  2.500000E-03  5.000000E-04
  7.800000E+00  2.900000E-03  4.000000E-04
  8.000000E+00  3.200000E-03  3.000000E-04
  8.200000E+00  3.500000E-03  3.000000E-04
  8.400000E+00  4.200000E-03  7.000000E-04
  8.600000E+00  5.000000E-03  8.000000E-04
  8.800000E+00  6.100000E-03  1.100000E-03
  9.000000E+00  7.300000E-03  1.200000E-03
  9.200000E+00  8.800000E-03  1.500000E-03
  9.400000E+00  1.130000E-02  2.500000E-03
  9.600000E+00  1.310000E-02  1.800000E-03
  9.800000E+00  1.500000E-02  1.900000E-03
  1.000000E+01  1.640000E-02  1.400000E-03
  1.020000E+01  1.840000E-02  2.000000E-03
  1.040000E+01  2.140000E-02  3.000000E-03
  1.060000E+01  2.410000E-02  2.700000E-03
  1.080000E+01  2.750000E-02  3.400000E-03
  1.100000E+01  3.100000E-02  3.500000E-03
  1.120000E+01  3.490000E-02  3.900000E-03
  1.140000E+01  3.830000E-02  3.400000E-03
  1.160000E+01  4.490000E-02  6.600000E-03
  1.180000E+01  5.280000E-02  7.900000E-03
  1.200000E+01  6.500000E-02  1.220000E-02
  1.220000E+01  8.380000E-02  1.880000E-02
  1.240000E+01  1.200000E-01  3.620000E-02
  1.260000E+01  1.647000E-01  4.470000E-02
  1.280000E+01  2.258000E-01  6.110000E-02
  1.300000E+01  3.068000E-01  8.100000E-02
  1.320000E+01  4.053000E-01  9.850000E-02
  1.340000E+01  5.232000E-01  1.179000E-01
  1.360000E+01  6.552000E-01  1.320000E-01
  1.380000E+01  8.057000E-01  1.505000E-01
  1.400000E+01  9.703000E-01  1.646000E-01
  1.420000E+01  1.155800E+00  1.855000E-01
  1.440000E+01  1.362600E+00  2.068000E-01
  1.460000E+01  1.573800E+00  2.112000E-01
  1.480000E+01  1.793600E+00  2.198000E-01
  1.500000E+01  2.018900E+00  2.253000E-01
  1.520000E+01  2.259700E+00  2.408000E-01
  1.540000E+01  2.509700E+00  2.500000E-01
  1.560000E+01  2.776600E+00  2.669000E-01
  1.580000E+01  3.048800E+00  2.722000E-01
  1.600000E+01  3.313700E+00  2.649000E-01
  1.620000E+01  3.580900E+00  2.672000E-01
  1.640000E+01  3.855400E+00  2.745000E-01
  1.660000E+01  4.136200E+00  2.808000E-01
  1.680000E+01  4.428200E+00  2.920000E-01
  1.700000E+01  4.712400E+00  2.842000E-01
  1.720000E+01  4.990300E+00  2.779000E-01
  1.740000E+01  5.276500E+00  2.862000E-01
  1.760000E+01  5.561400E+00  2.849000E-01
  1.780000E+01  5.846900E+00  2.855000E-01
  1.800000E+01  6.130200E+00  2.833000E-01
  1.820000E+01  6.416100E+00  2.859000E-01
  1.840000E+01  6.698800E+00  2.827000E-01
  1.860000E+01  6.983100E+00  2.843000E-01
  1.880000E+01  7.266900E+00  2.838000E-01
  1.900000E+01  7.544700E+00  2.778000E-01
  1.920000E+01  7.821400E+00  2.767000E-01
  1.940000E+01  8.105300E+00  2.839000E-01
  1.960000E+01  8.388900E+00  2.836000E-01
  1.980000E+01  8.673800E+00  2.849000E-01
  2.000000E+01  8.949700E+00  2.759000E-01
  2.020000E+01  9.222700E+00  2.730000E-01
  2.040000E+01  9.492200E+00  2.695000E-01
  2.060000E+01  9.770200E+00  2.780000E-01
  2.080000E+01  1.004440E+01  2.742000E-01
  2.100000E+01  1.031210E+01  2.677000E-01
  2.120000E+01  1.058010E+01  2.680000E-01
  2.140000E+01  1.084530E+01  2.652000E-01
  2.160000E+01  1.110310E+01  2.578000E-01
  2.180000E+01  1.136060E+01  2.575000E-01
  2.200000E+01  1.162080E+01  2.602000E-01
  2.220000E+01  1.187920E+01  2.584000E-01
  2.240000E+01  1.212910E+01  2.499000E-01
  2.260000E+01  1.238820E+01  2.591000E-01
  2.280000E+01  1.264920E+01  2.610000E-01
  2.300000E+01  1.289860E+01  2.494000E-01
  2.320000E+01  1.314920E+01  2.506000E-01
  2.340000E+01  1.338620E+01  2.370000E-01
  2.360000E+01  1.362910E+01  2.429000E-01
  2.380000E+01  1.386190E+01  2.328000E-01
  2.400000E+01  1.409700E+01  2.351000E-01
  2.420000E+01  1.432440E+01  2.274000E-01
  2.440000E+01  1.454750E+01  2.231000E-01
  2.460000E+01  1.477420E+01  2.267000E-01
  2.480000E+01  1.499690E+01  2.227000E-01
  2.500000E+01  1.521850E+01  2.216000E-01
  2.520000E+01  1.543170E+01  2.132000E-01
  2.540000E+01  1.564050E+01  2.088000E-01
  2.560000E+01  1.585670E+01  2.162000E-01
  2.580000E+01  1.606430E+01  2.076000E-01
  2.600000E+01  1.627080E+01  2.065000E-01
  2.620000E+01  1.647360E+01  2.028000E-01
  2.640000E+01  1.667920E+01  2.056000E-01
  2.660000E+01  1.687390E+01  1.947000E-01
  2.680000E+01  1.707040E+01  1.965000E-01
  2.700000E+01  1.726310E+01  1.927000E-01
  2.720000E+01  1.745320E+01  1.901000E-01
  2.740000E+01  1.763580E+01  1.826000E-01
  2.760000E+01  1.781830E+01  1.825000E-01
  2.780000E+01  1.800030E+01  1.820000E-01
  2.800000E+01  1.818220E+01  1.819000E-01
  2.820000E+01  1.835640E+01  1.742000E-01
  2.840000E+01  1.852350E+01  1.671000E-01
  2.860000E+01  1.869210E+01  1.686000E-01
  2.880000E+01  1.886100E+01  1.689000E-01
  2.900000E+01  1.903430E+01  1.733000E-01
  2.920000E+01  1.920860E+01  1.743000E-01
  2.940000E+01  1.937600E+01  1.674000E-01
  2.960000E+01  1.953670E+01  1.607000E-01
  2.980000E+01  1.969370E+01  1.570000E-01
  3.000000E+01  1.986370E+01  1.700000E-01
