  2.000000E-01  1.206990E+00  1.220665E+00  1.253056E+00  0.000000E+00
  4.000000E-01  1.207282E+00  1.220739E+00  1.253609E+00  0.000000E+00
  6.000000E-01  1.207196E+00  1.220730E+00  1.254306E+00  0.000000E+00
  8.000000E-01  1.207345E+00  1.220802E+00  1.254575E+00  0.000000E+00
  1.000000E+00  1.207709E+00  1.220846E+00  1.254814E+00  0.000000E+00
  1.200000E+00  1.207620E+00  1.220841E+00  1.255040E+00  0.000000E+00
  1.400000E+00  1.207626E+00  1.220754E+00  1.255304E+00  0.000000E+00
  1.600000E+00  1.207793E+00  1.220793E+00  1.255311E+00  0.000000E+00
  1.800000E+00  1.208036E+00  1.220721E+00  1.255869E+00  0.000000E+00
  2.000000E+00  1.208156E+00  1.220732E+00  1.256403E+00  0.000000E+00
  2.200000E+00  1.208263E+00  1.220719E+00  1.256618E+00  0.000000E+00
  2.400000E+00  1.208260E+00  1.220737E+00  1.256907E+00  0.000000E+00
  2.600000E+00  1.208231E+00  1.220677E+00  1.256979E+00  0.000000E+00
  2.800000E+00  1.208446E+00  1.220694E+00  1.256775E+00  0.000000E+00
  3.000000E+00  1.208973E+00  1.220748E+00  1.256772E+00  0.000000E+00
  3.200000E+00  1.209323E+00  1.220800E+00  1.257184E+00  0.000000E+00
  3.400000E+00  1.209728E+00  1.220806E+00  1.257424E+00  0.000000E+00
  3.600000E+00  1.209604E+00  1.220792E+00  1.257582E+00  0.000000E+00
  3.800000E+00  1.209965E+00  1.220844E+00  1.257713E+00  0.000000E+00
  4.000000E+00  1.209902E+00  1.220864E+00  1.257958E+00  0.000000E+00
  4.200000E+00  1.210170E+00  1.220890E+00  1.258211E+00  0.000000E+00
  4.400000E+00  1.210345E+00  1.220849E+00  1.258368E+00  0.000000E+00
  4.600000E+00  1.210738E+00  1.220875E+00  1.258815E+00  0.000000E+00
  4.800000E+00  1.210752E+00  1.220924E+00  1.258407E+00  0.000000E+00
  5.000000E+00  1.211187E+00  1.220837E+00  1.258274E+00  0.000000E+00
  5.200000E+00  1.211222E+00  1.220846E+00  1.258253E+00  1.000000E+00
  5.400000E+00  1.211293E+00  1.220843E+00  1.258092E+00  2.000000E+00
  5.600000E+00  1.211761E+00  1.220937E+00  1.258145E+00  3.000000E+00
  5.800000E+00  1.212089E+00  1.220907E+00  1.257993E+00  3.000000E+00
  6.000000E+00  1.212499E+00  1.220833E+00  1.257725E+00  3.000000E+00
  6.200000E+00  1.212836E+00  1.220803E+00  1.257398E+00  2.000000E+00
  6.400000E+00  1.213115E+00  1.220889E+00  1.257150E+00  1.750000E+00
  6.600000E+00  1.213278E+00  1.220885E+00  1.256424E+00  1.750000E+00
  6.800000E+00  1.213277E+00  1.220948E+00  1.256520E+00  1.750000E+00
  7.000000E+00  1.213673E+00  1.220951E+00  1.256114E+00  1.666667E+00
  7.200000E+00  1.213639E+00  1.221002E+00  1.255425E+00  1.444444E+00
  7.400000E+00  1.213904E+00  1.220937E+00  1.254884E+00  1.363636E+00
  7.600000E+00  1.214035E+00  1.220919E+00  1.254809E+00  1.500000E+00
  7.800000E+00  1.214320E+00  1.220870E+00  1.254314E+00  1.473684E+00
  8.000000E+00  1.214731E+00  1.220952E+00  1.253690E+00  1.500000E+00
  8.200000E+00  1.215172E+00  1.220975E+00  1.253333E+00  1.461538E+00
  8.400000E+00  1.215507E+00  1.221093E+00  1.252651E+00  1.482759E+00
  8.600000E+00  1.215825E+00  1.221020E+00  1.252008E+00  1.468750E+00
  8.800000E+00  1.216220E+00  1.221003E+00  1.251566E+00  1.529412E+00
  9.000000E+00  1.215996E+00  1.220913E+00  1.250600E+00  1.545455E+00
  9.200000E+00  1.216274E+00  1.221040E+00  1.249750E+00  1.600000E+00
  9.400000E+00  1.216733E+00  1.221015E+00  1.249896E+00  1.603175E+00
  9.600000E+00  1.217202E+00  1.221028E+00  1.249495E+00  1.651515E+00
  9.800000E+00  1.217579E+00  1.220904E+00  1.248649E+00  1.636364E+00
  1.000000E+01  1.217814E+00  1.220905E+00  1.248174E+00  1.697674E+00
  1.020000E+01  1.218097E+00  1.220912E+00  1.247722E+00  1.677083E+00
  1.040000E+01  1.218461E+00  1.220812E+00  1.247172E+00  1.737864E+00
  1.060000E+01  1.218960E+00  1.220780E+00  1.246406E+00  1.692308E+00
  1.080000E+01  1.219143E+00  1.220721E+00  1.245671E+00  1.666667E+00
  1.100000E+01  1.219490E+00  1.220684E+00  1.245111E+00  1.640845E+00
  1.120000E+01  1.219743E+00  1.220868E+00  1.244965E+00  1.660256E+00
  1.140000E+01  1.220061E+00  1.220866E+00  1.245252E+00  1.654545E+00
  1.160000E+01  1.220456E+00  1.220997E+00  1.245158E+00  1.584699E+00
  1.180000E+01  1.220895E+00  1.220999E+00  1.245399E+00  1.581281E+00
  1.200000E+01  1.221365E+00  1.221076E+00  1.245386E+00  1.560784E+00
  1.220000E+01  1.221925E+00  1.221313E+00  1.245337E+00  1.573209E+00
  1.240000E+01  1.222371E+00  1.221594E+00  1.245492E+00  1.537559E+00
  1.260000E+01  1.222890E+00  1.221639E+00  1.245292E+00  1.558669E+00
  1.280000E+01  1.223441E+00  1.221850E+00  1.245822E+00  1.513369E+00
  1.300000E+01  1.224283E+00  1.222224E+00  1.246489E+00  1.508316E+00
  1.320000E+01  1.224947E+00  1.222383E+00  1.247024E+00  1.522425E+00
  1.340000E+01  1.225407E+00  1.222647E+00  1.247334E+00  1.523874E+00
  1.360000E+01  1.225986E+00  1.223036E+00  1.247901E+00  1.521764E+00
  1.380000E+01  1.226646E+00  1.223180E+00  1.248354E+00  1.522345E+00
  1.400000E+01  1.227418E+00  1.223601E+00  1.248844E+00  1.529486E+00
  1.420000E+01  1.227981E+00  1.223851E+00  1.249654E+00  1.511103E+00
  1.440000E+01  1.228783E+00  1.224308E+00  1.249997E+00  1.509958E+00
  1.460000E+01  1.229257E+00  1.224416E+00  1.251070E+00  1.537702E+00
  1.480000E+01  1.229518E+00  1.224310E+00  1.251530E+00  1.529071E+00
  1.500000E+01  1.229873E+00  1.224490E+00  1.252233E+00  1.524852E+00
  1.520000E+01  1.230171E+00  1.224635E+00  1.251684E+00  1.526775E+00
  1.540000E+01  1.230438E+00  1.224619E+00  1.251915E+00  1.518510E+00
  1.560000E+01  1.230810E+00  1.224575E+00  1.252187E+00  1.521369E+00
  1.580000E+01  1.230383E+00  1.223847E+00  1.251852E+00  1.505959E+00
  1.600000E+01  1.230798E+00  1.223981E+00  1.251585E+00  1.520032E+00
  1.620000E+01  1.230672E+00  1.223706E+00  1.251300E+00  1.528232E+00
  1.640000E+01  1.230955E+00  1.223983E+00  1.252096E+00  1.523927E+00
  1.660000E+01  1.230720E+00  1.223690E+00  1.251677E+00  1.516780E+00
  1.680000E+01  1.230767E+00  1.223352E+00  1.251260E+00  1.522496E+00
  1.700000E+01  1.230240E+00  1.222802E+00  1.250714E+00  1.518551E+00
  1.720000E+01  1.230051E+00  1.222500E+00  1.250621E+00  1.508983E+00
  1.740000E+01  1.230111E+00  1.222361E+00  1.250315E+00  1.505649E+00
  1.760000E+01  1.230375E+00  1.222475E+00  1.250610E+00  1.506008E+00
  1.780000E+01  1.229954E+00  1.221982E+00  1.251036E+00  1.498167E+00
  1.800000E+01  1.229594E+00  1.221651E+00  1.250644E+00  1.481735E+00
  1.820000E+01  1.229261E+00  1.221153E+00  1.250146E+00  1.480939E+00
  1.840000E+01  1.228881E+00  1.220594E+00  1.250160E+00  1.486249E+00
  1.860000E+01  1.229006E+00  1.220772E+00  1.249880E+00  1.483601E+00
  1.880000E+01  1.228792E+00  1.220394E+00  1.249936E+00  1.490020E+00
  1.900000E+01  1.228132E+00  1.219553E+00  1.248845E+00  1.476942E+00
  1.920000E+01  1.227763E+00  1.218777E+00  1.247998E+00  1.475004E+00
  1.940000E+01  1.227747E+00  1.218504E+00  1.246991E+00  1.467062E+00
  1.960000E+01  1.227149E+00  1.217805E+00  1.247659E+00  1.466346E+00
  1.980000E+01  1.226734E+00  1.217279E+00  1.247467E+00  1.468009E+00
  2.000000E+01  1.226791E+00  1.217210E+00  1.247279E+00  1.474445E+00
  2.020000E+01  1.226533E+00  1.217313E+00  1.246429E+00  1.467563E+00
  2.040000E+01  1.226959E+00  1.217755E+00  1.246556E+00  1.464359E+00
  2.060000E+01  1.227041E+00  1.217938E+00  1.245829E+00  1.473530E+00
  2.080000E+01  1.227369E+00  1.218512E+00  1.246070E+00  1.483102E+00
  2.100000E+01  1.227112E+00  1.218411E+00  1.245794E+00  1.482749E+00
  2.120000E+01  1.226609E+00  1.218048E+00  1.246162E+00  1.484937E+00
  2.140000E+01  1.226229E+00  1.218098E+00  1.245837E+00  1.491565E+00
  2.160000E+01  1.226934E+00  1.218588E+00  1.245371E+00  1.499710E+00
  2.180000E+01  1.226988E+00  1.218462E+00  1.245282E+00  1.491730E+00
  2.200000E+01  1.226885E+00  1.218291E+00  1.245501E+00  1.490571E+00
  2.220000E+01  1.226050E+00  1.217871E+00  1.245649E+00  1.490291E+00
  2.240000E+01  1.225917E+00  1.217902E+00  1.245896E+00  1.489284E+00
  2.260000E+01  1.226771E+00  1.218641E+00  1.246511E+00  1.488372E+00
  2.280000E+01  1.226949E+00  1.218920E+00  1.247513E+00  1.485766E+00
  2.300000E+01  1.226989E+00  1.219109E+00  1.247504E+00  1.489469E+00
  2.320000E+01  1.227498E+00  1.219606E+00  1.248747E+00  1.496239E+00
  2.340000E+01  1.227473E+00  1.219780E+00  1.249365E+00  1.501808E+00
  2.360000E+01  1.227570E+00  1.220120E+00  1.249235E+00  1.501869E+00
  2.380000E+01  1.228085E+00  1.221068E+00  1.250271E+00  1.499312E+00
  2.400000E+01  1.227953E+00  1.220940E+00  1.250397E+00  1.495619E+00
  2.420000E+01  1.227750E+00  1.221383E+00  1.251544E+00  1.494483E+00
  2.440000E+01  1.228029E+00  1.221781E+00  1.252251E+00  1.500885E+00
  2.460000E+01  1.228732E+00  1.222045E+00  1.253385E+00  1.500068E+00
  2.480000E+01  1.228441E+00  1.221809E+00  1.253735E+00  1.504043E+00
  2.500000E+01  1.228426E+00  1.222101E+00  1.254541E+00  1.501612E+00
  2.520000E+01  1.228289E+00  1.222518E+00  1.255378E+00  1.497860E+00
  2.540000E+01  1.227893E+00  1.222738E+00  1.256144E+00  1.497259E+00
  2.560000E+01  1.228064E+00  1.222877E+00  1.256405E+00  1.496737E+00
  2.580000E+01  1.227946E+00  1.223085E+00  1.257299E+00  1.494104E+00
  2.600000E+01  1.227592E+00  1.223427E+00  1.258839E+00  1.494386E+00
  2.620000E+01  1.227795E+00  1.223818E+00  1.259409E+00  1.494084E+00
  2.640000E+01  1.228239E+00  1.224185E+00  1.260376E+00  1.492398E+00
  2.660000E+01  1.227620E+00  1.223988E+00  1.261177E+00  1.491260E+00
  2.680000E+01  1.227423E+00  1.224455E+00  1.262386E+00  1.492458E+00
  2.700000E+01  1.227323E+00  1.224668E+00  1.262921E+00  1.494029E+00
  2.720000E+01  1.227138E+00  1.225021E+00  1.263045E+00  1.496183E+00
  2.740000E+01  1.227065E+00  1.225435E+00  1.263933E+00  1.497096E+00
  2.760000E+01  1.227080E+00  1.226132E+00  1.264900E+00  1.500708E+00
  2.780000E+01  1.226891E+00  1.226319E+00  1.265414E+00  1.502116E+00
  2.800000E+01  1.226879E+00  1.226566E+00  1.266280E+00  1.504933E+00
  2.820000E+01  1.226081E+00  1.226634E+00  1.266728E+00  1.505038E+00
  2.840000E+01  1.226137E+00  1.227161E+00  1.267563E+00  1.502792E+00
  2.860000E+01  1.225786E+00  1.226897E+00  1.267829E+00  1.507160E+00
  2.880000E+01  1.225942E+00  1.227050E+00  1.267981E+00  1.509477E+00
  2.900000E+01  1.225884E+00  1.227279E+00  1.268161E+00  1.507869E+00
  2.920000E+01  1.226073E+00  1.227459E+00  1.268507E+00  1.502884E+00
  2.940000E+01  1.225922E+00  1.227632E+00  1.268697E+00  1.506075E+00
  2.960000E+01  1.225700E+00  1.227542E+00  1.270116E+00  1.506375E+00
  2.980000E+01  1.225337E+00  1.227192E+00  1.270626E+00  1.503305E+00
  3.000000E+01  1.225090E+00  1.227613E+00  1.271203E+00  1.505972E+00
  2.000000E-01  1.206736E+00  1.220336E+00  1.254091E+00  0.000000E+00
  4.000000E-01  1.206680E+00  1.220323E+00  1.254350E+00  0.000000E+00
  6.000000E-01  1.206573E+00  1.220334E+00  1.254832E+00  0.000000E+00
  8.000000E-01  1.206717E+00  1.220298E+00  1.255014E+00  0.000000E+00
  1.000000E+00  1.206839E+00  1.220336E+00  1.255230E+00  0.000000E+00
  1.200000E+00  1.206742E+00  1.220355E+00  1.255347E+00  0.000000E+00
  1.400000E+00  1.206587E+00  1.220300E+00  1.255633E+00  0.000000E+00
  1.600000E+00  1.206713E+00  1.220336E+00  1.255956E+00  0.000000E+00
  1.800000E+00  1.206729E+00  1.220291E+00  1.256144E+00  0.000000E+00
  2.000000E+00  1.206876E+00  1.220257E+00  1.256415E+00  0.000000E+00
  2.200000E+00  1.207082E+00  1.220117E+00  1.256462E+00  0.000000E+00
  2.400000E+00  1.207385E+00  1.220053E+00  1.256509E+00  0.000000E+00
  2.600000E+00  1.207434E+00  1.220163E+00  1.256616E+00  0.000000E+00
  2.800000E+00  1.207348E+00  1.220192E+00  1.256558E+00  0.000000E+00
  3.000000E+00  1.207574E+00  1.220251E+00  1.256668E+00  0.000000E+00
  3.200000E+00  1.208013E+00  1.220229E+00  1.256516E+00  0.000000E+00
  3.400000E+00  1.208440E+00  1.220185E+00  1.256684E+00  0.000000E+00
  3.600000E+00  1.208521E+00  1.220260E+00  1.256703E+00  0.000000E+00
  3.800000E+00  1.208668E+00  1.220238E+00  1.257091E+00  2.000000E+00
  4.000000E+00  1.208978E+00  1.220263E+00  1.257803E+00  2.000000E+00
  4.200000E+00  1.209259E+00  1.220240E+00  1.258104E+00  2.000000E+00
  4.400000E+00  1.209789E+00  1.220239E+00  1.258516E+00  2.000000E+00
  4.600000E+00  1.210127E+00  1.220217E+00  1.258446E+00  2.000000E+00
  4.800000E+00  1.210393E+00  1.220263E+00  1.258548E+00  2.000000E+00
  5.000000E+00  1.210678E+00  1.220229E+00  1.258262E+00  2.000000E+00
  5.200000E+00  1.211034E+00  1.220159E+00  1.257963E+00  2.000000E+00
  5.400000E+00  1.211396E+00  1.220187E+00  1.257454E+00  2.000000E+00
  5.600000E+00  1.211448E+00  1.220099E+00  1.257455E+00  2.000000E+00
  5.800000E+00  1.211594E+00  1.220144E+00  1.257257E+00  2.000000E+00
  6.000000E+00  1.211740E+00  1.220050E+00  1.256976E+00  2.000000E+00
  6.200000E+00  1.212280E+00  1.219944E+00  1.256886E+00  2.000000E+00
  6.400000E+00  1.212518E+00  1.219958E+00  1.256563E+00  2.000000E+00
  6.600000E+00  1.212938E+00  1.219974E+00  1.256197E+00  1.000000E+00
  6.800000E+00  1.213348E+00  1.220005E+00  1.255823E+00  1.250000E+00
  7.000000E+00  1.213755E+00  1.220064E+00  1.255375E+00  1.285714E+00
  7.200000E+00  1.214238E+00  1.220046E+00  1.254699E+00  1.272727E+00
  7.400000E+00  1.214582E+00  1.220016E+00  1.254555E+00  1.214286E+00
  7.600000E+00  1.214902E+00  1.220023E+00  1.253751E+00  1.333333E+00
  7.800000E+00  1.215186E+00  1.220098E+00  1.253434E+00  1.466667E+00
  8.000000E+00  1.215404E+00  1.220044E+00  1.253365E+00  1.500000E+00
  8.200000E+00  1.215406E+00  1.220008E+00  1.252449E+00  1.440000E+00
  8.400000E+00  1.215827E+00  1.220021E+00  1.251876E+00  1.484848E+00
  8.600000E+00  1.216252E+00  1.219990E+00  1.251130E+00  1.473684E+00
  8.800000E+00  1.216589E+00  1.219959E+00  1.250579E+00  1.547619E+00
  9.000000E+00  1.217103E+00  1.219938E+00  1.249942E+00  1.586957E+00
  9.200000E+00  1.217229E+00  1.219972E+00  1.249334E+00  1.491525E+00
  9.400000E+00  1.217463E+00  1.219952E+00  1.248981E+00  1.468750E+00
  9.600000E+00  1.217947E+00  1.219974E+00  1.248701E+00  1.513889E+00
  9.800000E+00  1.218302E+00  1.220031E+00  1.248045E+00  1.530864E+00
  1.000000E+01  1.218781E+00  1.220188E+00  1.248099E+00  1.564706E+00
  1.020000E+01  1.218958E+00  1.220136E+00  1.247158E+00  1.515152E+00
  1.040000E+01  1.219240E+00  1.220106E+00  1.246815E+00  1.557692E+00
  1.060000E+01  1.219228E+00  1.220026E+00  1.246031E+00  1.491228E+00
  1.080000E+01  1.219350E+00  1.219972E+00  1.245174E+00  1.568000E+00
  1.100000E+01  1.219691E+00  1.220064E+00  1.244475E+00  1.550000E+00
  1.120000E+01  1.220070E+00  1.220037E+00  1.244560E+00  1.609589E+00
  1.140000E+01  1.220379E+00  1.220014E+00  1.244286E+00  1.635802E+00
  1.160000E+01  1.220819E+00  1.220089E+00  1.244047E+00  1.662983E+00
  1.180000E+01  1.220957E+00  1.220167E+00  1.244180E+00  1.641148E+00
  1.200000E+01  1.221296E+00  1.220403E+00  1.244765E+00  1.575758E+00
  1.220000E+01  1.221768E+00  1.220597E+00  1.245104E+00  1.523936E+00
  1.240000E+01  1.222110E+00  1.220852E+00  1.245397E+00  1.502049E+00
  1.260000E+01  1.222911E+00  1.221199E+00  1.246006E+00  1.468510E+00
  1.280000E+01  1.223385E+00  1.221649E+00  1.245547E+00  1.489078E+00
  1.300000E+01  1.224302E+00  1.222259E+00  1.246121E+00  1.497561E+00
  1.320000E+01  1.225049E+00  1.222697E+00  1.247148E+00  1.481102E+00
  1.340000E+01  1.225672E+00  1.223213E+00  1.247699E+00  1.523463E+00
  1.360000E+01  1.226548E+00  1.223488E+00  1.248468E+00  1.526611E+00
  1.380000E+01  1.227017E+00  1.223637E+00  1.249413E+00  1.531324E+00
  1.400000E+01  1.227788E+00  1.224172E+00  1.250143E+00  1.531609E+00
  1.420000E+01  1.228098E+00  1.224079E+00  1.250301E+00  1.519547E+00
  1.440000E+01  1.228536E+00  1.224465E+00  1.250141E+00  1.525586E+00
  1.460000E+01  1.228997E+00  1.224728E+00  1.249925E+00  1.500738E+00
  1.480000E+01  1.229786E+00  1.225064E+00  1.250685E+00  1.484011E+00
  1.500000E+01  1.230285E+00  1.225328E+00  1.251199E+00  1.477878E+00
  1.520000E+01  1.230958E+00  1.225536E+00  1.251659E+00  1.482977E+00
  1.540000E+01  1.231189E+00  1.225396E+00  1.251399E+00  1.491586E+00
  1.560000E+01  1.231425E+00  1.225272E+00  1.251700E+00  1.478642E+00
  1.580000E+01  1.231397E+00  1.225088E+00  1.251560E+00  1.469953E+00
  1.600000E+01  1.231333E+00  1.224792E+00  1.252131E+00  1.476648E+00
  1.620000E+01  1.231845E+00  1.225075E+00  1.252120E+00  1.480656E+00
  1.640000E+01  1.231202E+00  1.224333E+00  1.252006E+00  1.480594E+00
  1.660000E+01  1.231556E+00  1.224446E+00  1.252158E+00  1.475975E+00
  1.680000E+01  1.231506E+00  1.224136E+00  1.251731E+00  1.465252E+00
  1.700000E+01  1.230829E+00  1.223392E+00  1.251327E+00  1.467236E+00
  1.720000E+01  1.230830E+00  1.223449E+00  1.251528E+00  1.472656E+00
  1.740000E+01  1.231282E+00  1.223670E+00  1.251228E+00  1.475338E+00
  1.760000E+01  1.231307E+00  1.223481E+00  1.250753E+00  1.463742E+00
  1.780000E+01  1.230766E+00  1.222938E+00  1.250414E+00  1.460509E+00
  1.800000E+01  1.230527E+00  1.222505E+00  1.249806E+00  1.461094E+00
  1.820000E+01  1.230069E+00  1.222194E+00  1.249488E+00  1.461599E+00
  1.840000E+01  1.230189E+00  1.222013E+00  1.249021E+00  1.451941E+00
  1.860000E+01  1.230393E+00  1.222171E+00  1.249378E+00  1.452571E+00
  1.880000E+01  1.230545E+00  1.222319E+00  1.249378E+00  1.445751E+00
  1.900000E+01  1.230505E+00  1.221840E+00  1.249617E+00  1.439932E+00
  1.920000E+01  1.231045E+00  1.222079E+00  1.249724E+00  1.435847E+00
  1.940000E+01  1.231187E+00  1.221993E+00  1.248643E+00  1.444545E+00
  1.960000E+01  1.230822E+00  1.221682E+00  1.248887E+00  1.442230E+00
  1.980000E+01  1.230155E+00  1.221070E+00  1.248404E+00  1.443730E+00
  2.000000E+01  1.229867E+00  1.220443E+00  1.247601E+00  1.436442E+00
  2.020000E+01  1.229871E+00  1.220552E+00  1.247338E+00  1.434411E+00
  2.040000E+01  1.229231E+00  1.220312E+00  1.247188E+00  1.425204E+00
  2.060000E+01  1.228452E+00  1.219390E+00  1.245994E+00  1.425689E+00
  2.080000E+01  1.228554E+00  1.219486E+00  1.245982E+00  1.423548E+00
  2.100000E+01  1.228900E+00  1.219739E+00  1.246506E+00  1.429024E+00
  2.120000E+01  1.228261E+00  1.219554E+00  1.246415E+00  1.429878E+00
  2.140000E+01  1.228337E+00  1.219680E+00  1.245603E+00  1.433804E+00
  2.160000E+01  1.228259E+00  1.219832E+00  1.245885E+00  1.433040E+00
  2.180000E+01  1.228015E+00  1.219679E+00  1.246445E+00  1.436518E+00
  2.200000E+01  1.228152E+00  1.219710E+00  1.246491E+00  1.434929E+00
  2.220000E+01  1.228704E+00  1.220409E+00  1.246527E+00  1.439474E+00
  2.240000E+01  1.228109E+00  1.219867E+00  1.247286E+00  1.443498E+00
  2.260000E+01  1.228368E+00  1.220518E+00  1.248027E+00  1.441421E+00
  2.280000E+01  1.227940E+00  1.220703E+00  1.248467E+00  1.441449E+00
  2.300000E+01  1.227981E+00  1.220875E+00  1.248981E+00  1.447891E+00
  2.320000E+01  1.228516E+00  1.221224E+00  1.249020E+00  1.447788E+00
  2.340000E+01  1.228607E+00  1.221153E+00  1.249277E+00  1.448309E+00
  2.360000E+01  1.228188E+00  1.221346E+00  1.249894E+00  1.459685E+00
  2.380000E+01  1.228364E+00  1.221767E+00  1.250472E+00  1.458907E+00
  2.400000E+01  1.228385E+00  1.221719E+00  1.251064E+00  1.456946E+00
  2.420000E+01  1.228767E+00  1.222289E+00  1.251471E+00  1.453346E+00
  2.440000E+01  1.229002E+00  1.222652E+00  1.252804E+00  1.449518E+00
  2.460000E+01  1.229445E+00  1.223206E+00  1.253345E+00  1.445984E+00
  2.480000E+01  1.229413E+00  1.223751E+00  1.254263E+00  1.450749E+00
  2.500000E+01  1.229360E+00  1.223691E+00  1.253858E+00  1.451076E+00
  2.520000E+01  1.229698E+00  1.224018E+00  1.254891E+00  1.456754E+00
  2.540000E+01  1.230484E+00  1.224453E+00  1.256129E+00  1.453386E+00
  2.560000E+01  1.229687E+00  1.224654E+00  1.256449E+00  1.451541E+00
  2.580000E+01  1.229457E+00  1.224789E+00  1.257357E+00  1.455932E+00
  2.600000E+01  1.228703E+00  1.225036E+00  1.257708E+00  1.453650E+00
  2.620000E+01  1.229073E+00  1.225365E+00  1.257601E+00  1.454134E+00
  2.640000E+01  1.228998E+00  1.225483E+00  1.259140E+00  1.453738E+00
  2.660000E+01  1.229583E+00  1.226352E+00  1.260139E+00  1.455724E+00
  2.680000E+01  1.229032E+00  1.226693E+00  1.260592E+00  1.457683E+00
  2.700000E+01  1.228299E+00  1.226838E+00  1.261561E+00  1.459439E+00
  2.720000E+01  1.228384E+00  1.227019E+00  1.262151E+00  1.456243E+00
  2.740000E+01  1.227883E+00  1.226917E+00  1.261933E+00  1.454224E+00
  2.760000E+01  1.228070E+00  1.227064E+00  1.262610E+00  1.457833E+00
  2.780000E+01  1.227992E+00  1.227477E+00  1.263194E+00  1.457982E+00
  2.800000E+01  1.228394E+00  1.228002E+00  1.264309E+00  1.461026E+00
  2.820000E+01  1.227552E+00  1.227919E+00  1.264672E+00  1.461355E+00
  2.840000E+01  1.226942E+00  1.227695E+00  1.265601E+00  1.462859E+00
  2.860000E+01  1.226905E+00  1.227889E+00  1.266000E+00  1.463097E+00
  2.880000E+01  1.227059E+00  1.228351E+00  1.266381E+00  1.464312E+00
  2.900000E+01  1.227144E+00  1.228481E+00  1.268009E+00  1.463664E+00
  2.920000E+01  1.226865E+00  1.228987E+00  1.268829E+00  1.466576E+00
  2.940000E+01  1.226733E+00  1.229146E+00  1.269383E+00  1.469114E+00
  2.960000E+01  1.226347E+00  1.229191E+00  1.270018E+00  1.470290E+00
  2.980000E+01  1.226336E+00  1.229159E+00  1.270232E+00  1.470174E+00
  3.000000E+01  1.226325E+00  1.229262E+00  1.270793E+00  1.466938E+00
  2.000000E-01  1.206083E+00  1.220141E+00  1.254431E+00  0.000000E+00
  4.000000E-01  1.206043E+00  1.220200E+00  1.254689E+00  0.000000E+00
  6.000000E-01  1.206077E+00  1.220063E+00  1.254914E+00  0.000000E+00
  8.000000E-01  1.206212E+00  1.220093E+00  1.254985E+00  0.000000E+00
  1.000000E+00  1.206447E+00  1.220123E+00  1.255258E+00  0.000000E+00
  1.200000E+00  1.206743E+00  1.220128E+00  1.255352E+00  0.000000E+00
  1.400000E+00  1.206543E+00  1.220129E+00  1.255432E+00  0.000000E+00
  1.600000E+00  1.206812E+00  1.220165E+00  1.255419E+00  0.000000E+00
  1.800000E+00  1.206705E+00  1.220202E+00  1.255437E+00  0.000000E+00
  2.000000E+00  1.206787E+00  1.220269E+00  1.255602E+00  0.000000E+00
  2.200000E+00  1.207037E+00  1.220230E+00  1.255858E+00  0.000000E+00
  2.400000E+00  1.207556E+00  1.220238E+00  1.256191E+00  0.000000E+00
  2.600000E+00  1.207771E+00  1.220200E+00  1.256214E+00  0.000000E+00
  2.800000E+00  1.207677E+00  1.220170E+00  1.256332E+00  0.000000E+00
  3.000000E+00  1.207839E+00  1.220168E+00  1.256315E+00  0.000000E+00
  3.200000E+00  1.207900E+00  1.220125E+00  1.256283E+00  0.000000E+00
  3.400000E+00  1.208522E+00  1.220126E+00  1.256404E+00  0.000000E+00
  3.600000E+00  1.208809E+00  1.220090E+00  1.256702E+00  0.000000E+00
  3.800000E+00  1.208953E+00  1.220092E+00  1.257140E+00  0.000000E+00
  4.000000E+00  1.209403E+00  1.220148E+00  1.257336E+00  0.000000E+00
  4.200000E+00  1.209700E+00  1.220097E+00  1.257870E+00  0.000000E+00
  4.400000E+00  1.210352E+00  1.220170E+00  1.257977E+00  0.000000E+00
  4.600000E+00  1.210249E+00  1.220233E+00  1.257928E+00  0.000000E+00
  4.800000E+00  1.210625E+00  1.220271E+00  1.257657E+00  0.000000E+00
  5.000000E+00  1.210824E+00  1.220229E+00  1.257829E+00  0.000000E+00
  5.200000E+00  1.210873E+00  1.220307E+00  1.258010E+00  0.000000E+00
  5.400000E+00  1.211118E+00  1.220305E+00  1.258043E+00  0.000000E+00
  5.600000E+00  1.211219E+00  1.220236E+00  1.257220E+00  2.000000E+00
  5.800000E+00  1.211275E+00  1.220215E+00  1.256783E+00  2.000000E+00
  6.000000E+00  1.211576E+00  1.220286E+00  1.256558E+00  2.000000E+00
  6.200000E+00  1.211836E+00  1.220226E+00  1.256380E+00  1.500000E+00
  6.400000E+00  1.212097E+00  1.220235E+00  1.256424E+00  1.500000E+00
  6.600000E+00  1.212623E+00  1.220256E+00  1.255765E+00  1.400000E+00
  6.800000E+00  1.213133E+00  1.220259E+00  1.255170E+00  1.375000E+00
  7.000000E+00  1.213719E+00  1.220239E+00  1.254792E+00  1.500000E+00
  7.200000E+00  1.213911E+00  1.220267E+00  1.253543E+00  1.454545E+00
  7.400000E+00  1.214495E+00  1.220281E+00  1.253287E+00  1.666667E+00
  7.600000E+00  1.214970E+00  1.220220E+00  1.253039E+00  1.625000E+00
  7.800000E+00  1.215264E+00  1.220187E+00  1.252656E+00  1.750000E+00
  8.000000E+00  1.215615E+00  1.220223E+00  1.252210E+00  1.523810E+00
  8.200000E+00  1.215888E+00  1.220100E+00  1.251204E+00  1.370370E+00
  8.400000E+00  1.216223E+00  1.220050E+00  1.251033E+00  1.468750E+00
  8.600000E+00  1.216169E+00  1.220049E+00  1.250041E+00  1.421053E+00
  8.800000E+00  1.216829E+00  1.220003E+00  1.250166E+00  1.416667E+00
  9.000000E+00  1.216962E+00  1.220174E+00  1.249269E+00  1.425926E+00
  9.200000E+00  1.217291E+00  1.220167E+00  1.248563E+00  1.442623E+00
  9.400000E+00  1.217458E+00  1.220112E+00  1.247924E+00  1.432836E+00
  9.600000E+00  1.217586E+00  1.220133E+00  1.247438E+00  1.405063E+00
  9.800000E+00  1.218266E+00  1.220222E+00  1.247160E+00  1.433735E+00
  1.000000E+01  1.218808E+00  1.220144E+00  1.246555E+00  1.472527E+00
  1.020000E+01  1.219125E+00  1.220138E+00  1.245898E+00  1.460784E+00
  1.040000E+01  1.219513E+00  1.220039E+00  1.245492E+00  1.508929E+00
  1.060000E+01  1.219822E+00  1.219931E+00  1.245019E+00  1.484375E+00
  1.080000E+01  1.220096E+00  1.219966E+00  1.244473E+00  1.480000E+00
  1.100000E+01  1.220301E+00  1.220063E+00  1.243961E+00  1.451807E+00
  1.120000E+01  1.220443E+00  1.220061E+00  1.243874E+00  1.413408E+00
  1.140000E+01  1.220591E+00  1.220154E+00  1.243584E+00  1.398010E+00
  1.160000E+01  1.221019E+00  1.220218E+00  1.244306E+00  1.421296E+00
  1.180000E+01  1.221132E+00  1.220236E+00  1.244006E+00  1.449580E+00
  1.200000E+01  1.221612E+00  1.220607E+00  1.244467E+00  1.424749E+00
  1.220000E+01  1.222199E+00  1.220989E+00  1.244585E+00  1.411290E+00
  1.240000E+01  1.222622E+00  1.221210E+00  1.244656E+00  1.431211E+00
  1.260000E+01  1.223005E+00  1.221501E+00  1.244932E+00  1.470882E+00
  1.280000E+01  1.223452E+00  1.221622E+00  1.245286E+00  1.486452E+00
  1.300000E+01  1.224164E+00  1.222193E+00  1.246030E+00  1.455096E+00
  1.320000E+01  1.224836E+00  1.222533E+00  1.246835E+00  1.456770E+00
  1.340000E+01  1.225137E+00  1.222632E+00  1.246915E+00  1.472607E+00
  1.360000E+01  1.225499E+00  1.222785E+00  1.247254E+00  1.470556E+00
  1.380000E+01  1.226221E+00  1.222939E+00  1.247729E+00  1.495243E+00
  1.400000E+01  1.226526E+00  1.223037E+00  1.248850E+00  1.482143E+00
  1.420000E+01  1.227016E+00  1.223192E+00  1.249071E+00  1.500368E+00
  1.440000E+01  1.227983E+00  1.223984E+00  1.249745E+00  1.486266E+00
  1.460000E+01  1.228334E+00  1.224049E+00  1.249873E+00  1.479858E+00
  1.480000E+01  1.229031E+00  1.224611E+00  1.250903E+00  1.490764E+00
  1.500000E+01  1.229236E+00  1.224691E+00  1.250939E+00  1.490328E+00
  1.520000E+01  1.229456E+00  1.224565E+00  1.250734E+00  1.502782E+00
  1.540000E+01  1.229805E+00  1.224568E+00  1.251113E+00  1.502971E+00
  1.560000E+01  1.229821E+00  1.224399E+00  1.251201E+00  1.514166E+00
  1.580000E+01  1.230282E+00  1.224664E+00  1.251398E+00  1.502516E+00
  1.600000E+01  1.230217E+00  1.224473E+00  1.251552E+00  1.479317E+00
  1.620000E+01  1.229693E+00  1.223730E+00  1.251044E+00  1.467974E+00
  1.640000E+01  1.230054E+00  1.223807E+00  1.251238E+00  1.464003E+00
  1.660000E+01  1.229823E+00  1.223399E+00  1.251672E+00  1.463392E+00
  1.680000E+01  1.229931E+00  1.223387E+00  1.252213E+00  1.453231E+00
  1.700000E+01  1.229854E+00  1.223271E+00  1.251978E+00  1.466525E+00
  1.720000E+01  1.229670E+00  1.223005E+00  1.251353E+00  1.466690E+00
  1.740000E+01  1.229505E+00  1.222433E+00  1.251512E+00  1.467315E+00
  1.760000E+01  1.229356E+00  1.222141E+00  1.250849E+00  1.464465E+00
  1.780000E+01  1.229836E+00  1.222255E+00  1.251282E+00  1.466149E+00
  1.800000E+01  1.229617E+00  1.221909E+00  1.250998E+00  1.475590E+00
  1.820000E+01  1.229217E+00  1.221497E+00  1.250283E+00  1.479545E+00
  1.840000E+01  1.229578E+00  1.221584E+00  1.250148E+00  1.466965E+00
  1.860000E+01  1.229365E+00  1.221584E+00  1.249598E+00  1.466740E+00
  1.880000E+01  1.229719E+00  1.221564E+00  1.249721E+00  1.459847E+00
  1.900000E+01  1.229577E+00  1.221344E+00  1.249188E+00  1.452649E+00
  1.920000E+01  1.228618E+00  1.220617E+00  1.248451E+00  1.454782E+00
  1.940000E+01  1.228051E+00  1.220112E+00  1.248505E+00  1.458111E+00
  1.960000E+01  1.227660E+00  1.219723E+00  1.248162E+00  1.449066E+00
  1.980000E+01  1.228381E+00  1.219958E+00  1.248201E+00  1.443148E+00
  2.000000E+01  1.228734E+00  1.220163E+00  1.247822E+00  1.433373E+00
  2.020000E+01  1.228146E+00  1.219745E+00  1.246568E+00  1.438265E+00
  2.040000E+01  1.227417E+00  1.219090E+00  1.245883E+00  1.435458E+00
  2.060000E+01  1.227326E+00  1.219112E+00  1.245817E+00  1.432318E+00
  2.080000E+01  1.227995E+00  1.219475E+00  1.246188E+00  1.435470E+00
  2.100000E+01  1.227689E+00  1.219420E+00  1.246308E+00  1.442308E+00
  2.120000E+01  1.228004E+00  1.219367E+00  1.246379E+00  1.443773E+00
  2.140000E+01  1.228579E+00  1.219945E+00  1.246316E+00  1.440773E+00
  2.160000E+01  1.228980E+00  1.220630E+00  1.246432E+00  1.448019E+00
  2.180000E+01  1.229109E+00  1.220749E+00  1.247163E+00  1.447290E+00
  2.200000E+01  1.228969E+00  1.220542E+00  1.246595E+00  1.449376E+00
  2.220000E+01  1.228860E+00  1.220763E+00  1.246552E+00  1.444225E+00
  2.240000E+01  1.228903E+00  1.221094E+00  1.246636E+00  1.447361E+00
  2.260000E+01  1.228759E+00  1.221005E+00  1.246234E+00  1.447041E+00
  2.280000E+01  1.228818E+00  1.221280E+00  1.246160E+00  1.453414E+00
  2.300000E+01  1.229349E+00  1.221900E+00  1.247360E+00  1.452696E+00
  2.320000E+01  1.229357E+00  1.222147E+00  1.248170E+00  1.455494E+00
  2.340000E+01  1.229069E+00  1.222500E+00  1.249213E+00  1.459620E+00
  2.360000E+01  1.228757E+00  1.222607E+00  1.249839E+00  1.461857E+00
  2.380000E+01  1.229050E+00  1.222865E+00  1.250823E+00  1.465593E+00
  2.400000E+01  1.229406E+00  1.223298E+00  1.251576E+00  1.456169E+00
  2.420000E+01  1.229428E+00  1.223481E+00  1.252364E+00  1.460358E+00
  2.440000E+01  1.229899E+00  1.223706E+00  1.253252E+00  1.458849E+00
  2.460000E+01  1.230014E+00  1.224319E+00  1.254035E+00  1.463539E+00
  2.480000E+01  1.229951E+00  1.224442E+00  1.254671E+00  1.460453E+00
  2.500000E+01  1.229804E+00  1.224905E+00  1.255695E+00  1.459639E+00
  2.520000E+01  1.230575E+00  1.225699E+00  1.256286E+00  1.456826E+00
  2.540000E+01  1.230072E+00  1.225876E+00  1.257136E+00  1.452967E+00
  2.560000E+01  1.229446E+00  1.226201E+00  1.257580E+00  1.460053E+00
  2.580000E+01  1.229827E+00  1.226619E+00  1.258760E+00  1.454997E+00
  2.600000E+01  1.229373E+00  1.226911E+00  1.259182E+00  1.451839E+00
  2.620000E+01  1.229260E+00  1.227278E+00  1.260669E+00  1.453896E+00
  2.640000E+01  1.229013E+00  1.227260E+00  1.260512E+00  1.448178E+00
  2.660000E+01  1.228922E+00  1.228070E+00  1.262332E+00  1.451139E+00
  2.680000E+01  1.228682E+00  1.227949E+00  1.263084E+00  1.453927E+00
  2.700000E+01  1.228202E+00  1.227860E+00  1.263819E+00  1.450965E+00
  2.720000E+01  1.228180E+00  1.228020E+00  1.265289E+00  1.450650E+00
  2.740000E+01  1.227994E+00  1.228232E+00  1.266293E+00  1.456339E+00
  2.760000E+01  1.227385E+00  1.228063E+00  1.265779E+00  1.453333E+00
  2.780000E+01  1.227024E+00  1.228270E+00  1.266433E+00  1.455489E+00
  2.800000E+01  1.226605E+00  1.228462E+00  1.267373E+00  1.462571E+00
  2.820000E+01  1.226454E+00  1.229303E+00  1.268633E+00  1.465325E+00
  2.840000E+01  1.226668E+00  1.229625E+00  1.269526E+00  1.464583E+00
  2.860000E+01  1.226426E+00  1.229827E+00  1.269847E+00  1.464636E+00
  2.880000E+01  1.226040E+00  1.230069E+00  1.270819E+00  1.463304E+00
  2.900000E+01  1.225429E+00  1.230046E+00  1.271174E+00  1.464662E+00
  2.920000E+01  1.225475E+00  1.230207E+00  1.271833E+00  1.463947E+00
  2.940000E+01  1.225035E+00  1.230196E+00  1.271608E+00  1.461155E+00
  2.960000E+01  1.224859E+00  1.230488E+00  1.272662E+00  1.464082E+00
  2.980000E+01  1.225147E+00  1.230503E+00  1.273685E+00  1.464202E+00
  3.000000E+01  1.225496E+00  1.230870E+00  1.274511E+00  1.464759E+00
  2.000000E-01  1.206160E+00  1.220124E+00  1.253009E+00  0.000000E+00
  4.000000E-01  1.206259E+00  1.220153E+00  1.253387E+00  0.000000E+00
  6.000000E-01  1.205957E+00  1.220140E+00  1.253732E+00  0.000000E+00
  8.000000E-01  1.205968E+00  1.220204E+00  1.254205E+00  0.000000E+00
  1.000000E+00  1.206032E+00  1.220162E+00  1.254577E+00  0.000000E+00
  1.200000E+00  1.206077E+00  1.220171E+00  1.254681E+00  0.000000E+00
  1.400000E+00  1.206345E+00  1.220216E+00  1.254789E+00  0.000000E+00
  1.600000E+00  1.206446E+00  1.220154E+00  1.255172E+00  0.000000E+00
  1.800000E+00  1.206577E+00  1.220176E+00  1.255599E+00  0.000000E+00
  2.000000E+00  1.207026E+00  1.220230E+00  1.255580E+00  0.000000E+00
  2.200000E+00  1.207227E+00  1.220292E+00  1.255728E+00  0.000000E+00
  2.400000E+00  1.207164E+00  1.220284E+00  1.255692E+00  0.000000E+00
  2.600000E+00  1.207162E+00  1.220316E+00  1.255669E+00  0.000000E+00
  2.800000E+00  1.207380E+00  1.220345E+00  1.255837E+00  0.000000E+00
  3.000000E+00  1.207354E+00  1.220451E+00  1.255904E+00  0.000000E+00
  3.200000E+00  1.207599E+00  1.220407E+00  1.255937E+00  0.000000E+00
  3.400000E+00  1.207845E+00  1.220349E+00  1.256352E+00  0.000000E+00
  3.600000E+00  1.208127E+00  1.220345E+00  1.256475E+00  0.000000E+00
  3.800000E+00  1.208390E+00  1.220322E+00  1.256695E+00  0.000000E+00
  4.000000E+00  1.208695E+00  1.220327E+00  1.257204E+00  0.000000E+00
  4.200000E+00  1.208859E+00  1.220170E+00  1.257283E+00  0.000000E+00
  4.400000E+00  1.208984E+00  1.220119E+00  1.257300E+00  0.000000E+00
  4.600000E+00  1.209314E+00  1.220147E+00  1.257388E+00  0.000000E+00
  4.800000E+00  1.209552E+00  1.220166E+00  1.257700E+00  0.000000E+00
  5.000000E+00  1.209602E+00  1.220186E+00  1.257757E+00  0.000000E+00
  5.200000E+00  1.209812E+00  1.220156E+00  1.257473E+00  1.000000E+00
  5.400000E+00  1.210023E+00  1.220229E+00  1.257369E+00  1.000000E+00
  5.600000E+00  1.210233E+00  1.220232E+00  1.257260E+00  1.000000E+00
  5.800000E+00  1.210535E+00  1.220276E+00  1.256807E+00  1.000000E+00
  6.000000E+00  1.210777E+00  1.220286E+00  1.256384E+00  1.000000E+00
  6.200000E+00  1.211136E+00  1.220295E+00  1.256139E+00  1.000000E+00
  6.400000E+00  1.211865E+00  1.220286E+00  1.255555E+00  1.000000E+00
  6.600000E+00  1.212306E+00  1.220316E+00  1.255217E+00  1.000000E+00
  6.800000E+00  1.212850E+00  1.220251E+00  1.254766E+00  1.200000E+00
  7.000000E+00  1.213228E+00  1.220271E+00  1.254503E+00  1.285714E+00
  7.200000E+00  1.213616E+00  1.220298E+00  1.254017E+00  1.500000E+00
  7.400000E+00  1.214004E+00  1.220290E+00  1.253546E+00  1.666667E+00
  7.600000E+00  1.214085E+00  1.220357E+00  1.252920E+00  1.727273E+00
  7.800000E+00  1.214356E+00  1.220358E+00  1.252567E+00  1.428571E+00
  8.000000E+00  1.214580E+00  1.220495E+00  1.251448E+00  1.409091E+00
  8.200000E+00  1.214997E+00  1.220351E+00  1.250864E+00  1.458333E+00
  8.400000E+00  1.215392E+00  1.220444E+00  1.250647E+00  1.387097E+00
  8.600000E+00  1.215884E+00  1.220461E+00  1.249915E+00  1.428571E+00
  8.800000E+00  1.216056E+00  1.220374E+00  1.249546E+00  1.485714E+00
  9.000000E+00  1.216270E+00  1.220348E+00  1.249052E+00  1.487179E+00
  9.200000E+00  1.216319E+00  1.220294E+00  1.248354E+00  1.479167E+00
  9.400000E+00  1.216612E+00  1.220278E+00  1.247944E+00  1.527273E+00
  9.600000E+00  1.217222E+00  1.220343E+00  1.247294E+00  1.442857E+00
  9.800000E+00  1.217441E+00  1.220249E+00  1.247045E+00  1.443038E+00
  1.000000E+01  1.217669E+00  1.220192E+00  1.246209E+00  1.444444E+00
  1.020000E+01  1.217758E+00  1.220087E+00  1.245735E+00  1.489583E+00
  1.040000E+01  1.217995E+00  1.220130E+00  1.245828E+00  1.495726E+00
  1.060000E+01  1.218172E+00  1.220156E+00  1.245388E+00  1.500000E+00
  1.080000E+01  1.218697E+00  1.220147E+00  1.245245E+00  1.561538E+00
  1.100000E+01  1.218822E+00  1.220143E+00  1.244868E+00  1.517730E+00
  1.120000E+01  1.219098E+00  1.220029E+00  1.244331E+00  1.473684E+00
  1.140000E+01  1.219737E+00  1.220032E+00  1.244289E+00  1.505814E+00
  1.160000E+01  1.220391E+00  1.220143E+00  1.244229E+00  1.458763E+00
  1.180000E+01  1.220724E+00  1.220110E+00  1.244291E+00  1.483721E+00
  1.200000E+01  1.220994E+00  1.220373E+00  1.244247E+00  1.459854E+00
  1.220000E+01  1.221265E+00  1.220380E+00  1.243726E+00  1.485549E+00
  1.240000E+01  1.221842E+00  1.220878E+00  1.244057E+00  1.509524E+00
  1.260000E+01  1.222148E+00  1.221068E+00  1.244421E+00  1.506826E+00
  1.280000E+01  1.222610E+00  1.221448E+00  1.245048E+00  1.519074E+00
  1.300000E+01  1.223525E+00  1.221992E+00  1.245669E+00  1.524625E+00
  1.320000E+01  1.224312E+00  1.222643E+00  1.246758E+00  1.495405E+00
  1.340000E+01  1.224814E+00  1.222775E+00  1.247222E+00  1.483764E+00
  1.360000E+01  1.225734E+00  1.223466E+00  1.247549E+00  1.493136E+00
  1.380000E+01  1.226467E+00  1.223921E+00  1.248079E+00  1.475417E+00
  1.400000E+01  1.226689E+00  1.224015E+00  1.248280E+00  1.496149E+00
  1.420000E+01  1.227237E+00  1.224183E+00  1.248972E+00  1.517525E+00
  1.440000E+01  1.227889E+00  1.224524E+00  1.249658E+00  1.498879E+00
  1.460000E+01  1.227978E+00  1.224318E+00  1.250018E+00  1.483100E+00
  1.480000E+01  1.228736E+00  1.224457E+00  1.249952E+00  1.475897E+00
  1.500000E+01  1.228977E+00  1.224285E+00  1.249967E+00  1.480956E+00
  1.520000E+01  1.228810E+00  1.224109E+00  1.249992E+00  1.481827E+00
  1.540000E+01  1.228898E+00  1.223846E+00  1.250044E+00  1.479185E+00
  1.560000E+01  1.229078E+00  1.223661E+00  1.250174E+00  1.471042E+00
  1.580000E+01  1.229860E+00  1.223814E+00  1.250522E+00  1.460922E+00
  1.600000E+01  1.229769E+00  1.223713E+00  1.250522E+00  1.459246E+00
  1.620000E+01  1.230265E+00  1.223977E+00  1.250468E+00  1.452016E+00
  1.640000E+01  1.229985E+00  1.223443E+00  1.249997E+00  1.445378E+00
  1.660000E+01  1.229670E+00  1.223000E+00  1.249652E+00  1.447841E+00
  1.680000E+01  1.230425E+00  1.223228E+00  1.250022E+00  1.466632E+00
  1.700000E+01  1.230367E+00  1.222973E+00  1.249798E+00  1.472051E+00
  1.720000E+01  1.230499E+00  1.222810E+00  1.249557E+00  1.471034E+00
  1.740000E+01  1.230943E+00  1.222979E+00  1.249550E+00  1.471708E+00
  1.760000E+01  1.230639E+00  1.222724E+00  1.250154E+00  1.464403E+00
  1.780000E+01  1.230052E+00  1.222178E+00  1.249746E+00  1.448171E+00
  1.800000E+01  1.229728E+00  1.221820E+00  1.249351E+00  1.444269E+00
  1.820000E+01  1.229836E+00  1.221928E+00  1.249901E+00  1.434180E+00
  1.840000E+01  1.229171E+00  1.221234E+00  1.249574E+00  1.447136E+00
  1.860000E+01  1.228048E+00  1.220020E+00  1.248752E+00  1.451942E+00
  1.880000E+01  1.228282E+00  1.220116E+00  1.248547E+00  1.448424E+00
  1.900000E+01  1.228376E+00  1.220175E+00  1.248732E+00  1.451810E+00
  1.920000E+01  1.228103E+00  1.220198E+00  1.248648E+00  1.460076E+00
  1.940000E+01  1.227501E+00  1.219503E+00  1.248057E+00  1.456472E+00
  1.960000E+01  1.227459E+00  1.219236E+00  1.246957E+00  1.455380E+00
  1.980000E+01  1.227016E+00  1.218768E+00  1.246827E+00  1.455185E+00
  2.000000E+01  1.226591E+00  1.218422E+00  1.246872E+00  1.455493E+00
  2.020000E+01  1.226890E+00  1.218661E+00  1.246448E+00  1.456229E+00
  2.040000E+01  1.226782E+00  1.218463E+00  1.246102E+00  1.470003E+00
  2.060000E+01  1.226550E+00  1.218549E+00  1.246192E+00  1.467647E+00
  2.080000E+01  1.227210E+00  1.219377E+00  1.246639E+00  1.463173E+00
  2.100000E+01  1.226932E+00  1.219196E+00  1.247309E+00  1.465099E+00
  2.120000E+01  1.226853E+00  1.219411E+00  1.247230E+00  1.465860E+00
  2.140000E+01  1.226514E+00  1.219311E+00  1.246981E+00  1.465146E+00
  2.160000E+01  1.226402E+00  1.219365E+00  1.246377E+00  1.456813E+00
  2.180000E+01  1.226251E+00  1.219593E+00  1.247191E+00  1.454082E+00
  2.200000E+01  1.226931E+00  1.220015E+00  1.247993E+00  1.455465E+00
  2.220000E+01  1.226506E+00  1.219657E+00  1.248586E+00  1.458701E+00
  2.240000E+01  1.226706E+00  1.220033E+00  1.248559E+00  1.454001E+00
  2.260000E+01  1.225952E+00  1.219430E+00  1.249419E+00  1.456359E+00
  2.280000E+01  1.226182E+00  1.219801E+00  1.249290E+00  1.457103E+00
  2.300000E+01  1.225890E+00  1.219922E+00  1.249564E+00  1.455806E+00
  2.320000E+01  1.225668E+00  1.219899E+00  1.249551E+00  1.459467E+00
  2.340000E+01  1.225964E+00  1.220666E+00  1.250191E+00  1.465720E+00
  2.360000E+01  1.226819E+00  1.221365E+00  1.251829E+00  1.465543E+00
  2.380000E+01  1.227276E+00  1.221782E+00  1.252138E+00  1.467037E+00
  2.400000E+01  1.227539E+00  1.221923E+00  1.252229E+00  1.467755E+00
  2.420000E+01  1.227425E+00  1.221927E+00  1.252617E+00  1.468985E+00
  2.440000E+01  1.227293E+00  1.222056E+00  1.253096E+00  1.470242E+00
  2.460000E+01  1.227717E+00  1.222271E+00  1.253217E+00  1.472548E+00
  2.480000E+01  1.227931E+00  1.222706E+00  1.254203E+00  1.477421E+00
  2.500000E+01  1.228046E+00  1.223083E+00  1.254773E+00  1.477747E+00
  2.520000E+01  1.228036E+00  1.223336E+00  1.256116E+00  1.473608E+00
  2.540000E+01  1.228009E+00  1.223518E+00  1.256588E+00  1.470084E+00
  2.560000E+01  1.227409E+00  1.223251E+00  1.257716E+00  1.475401E+00
  2.580000E+01  1.227369E+00  1.223484E+00  1.258091E+00  1.474361E+00
  2.600000E+01  1.227447E+00  1.223793E+00  1.258642E+00  1.472654E+00
  2.620000E+01  1.227053E+00  1.223969E+00  1.258986E+00  1.475465E+00
  2.640000E+01  1.227015E+00  1.223919E+00  1.259707E+00  1.472244E+00
  2.660000E+01  1.226907E+00  1.224216E+00  1.260250E+00  1.475359E+00
  2.680000E+01  1.226472E+00  1.224597E+00  1.261043E+00  1.474336E+00
  2.700000E+01  1.226563E+00  1.225006E+00  1.261658E+00  1.476497E+00
  2.720000E+01  1.226630E+00  1.225088E+00  1.262591E+00  1.475915E+00
  2.740000E+01  1.226044E+00  1.225145E+00  1.263029E+00  1.475192E+00
  2.760000E+01  1.225974E+00  1.224951E+00  1.263056E+00  1.472565E+00
  2.780000E+01  1.225700E+00  1.225297E+00  1.263519E+00  1.476529E+00
  2.800000E+01  1.226056E+00  1.225417E+00  1.264756E+00  1.474737E+00
  2.820000E+01  1.225120E+00  1.225126E+00  1.264914E+00  1.478590E+00
  2.840000E+01  1.224574E+00  1.225649E+00  1.266080E+00  1.482384E+00
  2.860000E+01  1.224408E+00  1.225968E+00  1.266747E+00  1.483119E+00
  2.880000E+01  1.224377E+00  1.226118E+00  1.267345E+00  1.485488E+00
  2.900000E+01  1.224179E+00  1.226517E+00  1.267897E+00  1.481236E+00
  2.920000E+01  1.224299E+00  1.226633E+00  1.268442E+00  1.481112E+00
  2.940000E+01  1.224231E+00  1.226715E+00  1.268795E+00  1.481127E+00
  2.960000E+01  1.224360E+00  1.226926E+00  1.269550E+00  1.479891E+00
  2.980000E+01  1.224280E+00  1.227253E+00  1.269987E+00  1.479182E+00
  3.000000E+01  1.224556E+00  1.227608E+00  1.270223E+00  1.482119E+00
  2.000000E-01  1.205936E+00  1.220582E+00  1.253351E+00  0.000000E+00
  4.000000E-01  1.205852E+00  1.220539E+00  1.253483E+00  0.000000E+00
  6.000000E-01  1.205761E+00  1.220512E+00  1.253799E+00  0.000000E+00
  8.000000E-01  1.205706E+00  1.220464E+00  1.254210E+00  0.000000E+00
  1.000000E+00  1.205685E+00  1.220474E+00  1.254491E+00  0.000000E+00
  1.200000E+00  1.205553E+00  1.220398E+00  1.254543E+00  0.000000E+00
  1.400000E+00  1.205600E+00  1.220390E+00  1.254693E+00  0.000000E+00
  1.600000E+00  1.205727E+00  1.220374E+00  1.254835E+00  0.000000E+00
  1.800000E+00  1.205917E+00  1.220340E+00  1.255185E+00  0.000000E+00
  2.000000E+00  1.206197E+00  1.220312E+00  1.255506E+00  0.000000E+00
  2.200000E+00  1.206164E+00  1.220350E+00  1.255901E+00  0.000000E+00
  2.400000E+00  1.206150E+00  1.220450E+00  1.255622E+00  0.000000E+00
  2.600000E+00  1.206123E+00  1.220442E+00  1.255857E+00  0.000000E+00
  2.800000E+00  1.206648E+00  1.220460E+00  1.255940E+00  0.000000E+00
  3.000000E+00  1.206695E+00  1.220510E+00  1.255946E+00  0.000000E+00
  3.200000E+00  1.207017E+00  1.220415E+00  1.256257E+00  0.000000E+00
  3.400000E+00  1.207243E+00  1.220443E+00  1.256059E+00  0.000000E+00
  3.600000E+00  1.207274E+00  1.220446E+00  1.256204E+00  0.000000E+00
  3.800000E+00  1.207339E+00  1.220432E+00  1.256351E+00  0.000000E+00
  4.000000E+00  1.207879E+00  1.220390E+00  1.256831E+00  0.000000E+00
  4.200000E+00  1.208373E+00  1.220330E+00  1.256819E+00  0.000000E+00
  4.400000E+00  1.208595E+00  1.220384E+00  1.257217E+00  2.000000E+00
  4.600000E+00  1.209004E+00  1.220270E+00  1.257318E+00  3.000000E+00
  4.800000E+00  1.209407E+00  1.220333E+00  1.257250E+00  3.000000E+00
  5.000000E+00  1.209403E+00  1.220398E+00  1.257138E+00  3.000000E+00
  5.200000E+00  1.209790E+00  1.220365E+00  1.257247E+00  3.000000E+00
  5.400000E+00  1.209939E+00  1.220381E+00  1.257297E+00  3.000000E+00
  5.600000E+00  1.210143E+00  1.220409E+00  1.256971E+00  3.000000E+00
  5.800000E+00  1.210301E+00  1.220418E+00  1.256247E+00  3.000000E+00
  6.000000E+00  1.210447E+00  1.220471E+00  1.255787E+00  4.000000E+00
  6.200000E+00  1.210979E+00  1.220495E+00  1.255461E+00  4.000000E+00
  6.400000E+00  1.211550E+00  1.220528E+00  1.255182E+00  5.000000E+00
  6.600000E+00  1.211847E+00  1.220466E+00  1.254894E+00  2.666667E+00
  6.800000E+00  1.212169E+00  1.220474E+00  1.254646E+00  2.166667E+00
  7.000000E+00  1.212570E+00  1.220470E+00  1.254339E+00  2.166667E+00
  7.200000E+00  1.212963E+00  1.220518E+00  1.254116E+00  2.285714E+00
  7.400000E+00  1.213298E+00  1.220560E+00  1.253818E+00  2.428571E+00
  7.600000E+00  1.213719E+00  1.220524E+00  1.252984E+00  2.200000E+00
  7.800000E+00  1.213672E+00  1.220520E+00  1.252661E+00  1.916667E+00
  8.000000E+00  1.214108E+00  1.220449E+00  1.252054E+00  1.800000E+00
  8.200000E+00  1.214727E+00  1.220412E+00  1.251702E+00  1.882353E+00
  8.400000E+00  1.214938E+00  1.220454E+00  1.250790E+00  1.695652E+00
  8.600000E+00  1.215120E+00  1.220358E+00  1.250159E+00  1.791667E+00
  8.800000E+00  1.215262E+00  1.220305E+00  1.248669E+00  1.827586E+00
  9.000000E+00  1.215781E+00  1.220418E+00  1.247963E+00  1.857143E+00
  9.200000E+00  1.216237E+00  1.220423E+00  1.247580E+00  1.860465E+00
  9.400000E+00  1.216578E+00  1.220439E+00  1.246907E+00  1.836364E+00
  9.600000E+00  1.217076E+00  1.220442E+00  1.246634E+00  1.803030E+00
  9.800000E+00  1.217426E+00  1.220455E+00  1.246145E+00  1.780822E+00
  1.000000E+01  1.217357E+00  1.220355E+00  1.245682E+00  1.740260E+00
  1.020000E+01  1.217624E+00  1.220356E+00  1.245372E+00  1.755814E+00
  1.040000E+01  1.217760E+00  1.220635E+00  1.244913E+00  1.660000E+00
  1.060000E+01  1.218162E+00  1.220596E+00  1.244766E+00  1.663793E+00
  1.080000E+01  1.218389E+00  1.220535E+00  1.244240E+00  1.669291E+00
  1.100000E+01  1.218770E+00  1.220427E+00  1.243599E+00  1.652482E+00
  1.120000E+01  1.219123E+00  1.220469E+00  1.243393E+00  1.611111E+00
  1.140000E+01  1.219535E+00  1.220503E+00  1.243137E+00  1.612360E+00
  1.160000E+01  1.220081E+00  1.220554E+00  1.243659E+00  1.597938E+00
  1.180000E+01  1.220376E+00  1.220661E+00  1.243873E+00  1.574561E+00
  1.200000E+01  1.220808E+00  1.220989E+00  1.243676E+00  1.542857E+00
  1.220000E+01  1.221332E+00  1.221187E+00  1.243372E+00  1.505682E+00
  1.240000E+01  1.222066E+00  1.221459E+00  1.243963E+00  1.469214E+00
  1.260000E+01  1.222367E+00  1.221742E+00  1.243817E+00  1.470199E+00
  1.280000E+01  1.223002E+00  1.222234E+00  1.244468E+00  1.481959E+00
  1.300000E+01  1.223744E+00  1.222637E+00  1.245374E+00  1.497462E+00
  1.320000E+01  1.224417E+00  1.223091E+00  1.246008E+00  1.485020E+00
  1.340000E+01  1.225190E+00  1.223583E+00  1.246832E+00  1.492647E+00
  1.360000E+01  1.226313E+00  1.224153E+00  1.247694E+00  1.496587E+00
  1.380000E+01  1.226656E+00  1.224537E+00  1.247946E+00  1.495155E+00
  1.400000E+01  1.227394E+00  1.224640E+00  1.248500E+00  1.510161E+00
  1.420000E+01  1.228294E+00  1.225274E+00  1.249111E+00  1.508007E+00
  1.440000E+01  1.228710E+00  1.225260E+00  1.248961E+00  1.522297E+00
  1.460000E+01  1.228562E+00  1.225275E+00  1.248817E+00  1.509846E+00
  1.480000E+01  1.228805E+00  1.225455E+00  1.249660E+00  1.516911E+00
  1.500000E+01  1.229424E+00  1.225541E+00  1.250194E+00  1.512660E+00
  1.520000E+01  1.229619E+00  1.225462E+00  1.250640E+00  1.508557E+00
  1.540000E+01  1.229928E+00  1.225294E+00  1.250549E+00  1.509008E+00
  1.560000E+01  1.230207E+00  1.225241E+00  1.251210E+00  1.487716E+00
  1.580000E+01  1.230504E+00  1.225253E+00  1.251253E+00  1.526083E+00
  1.600000E+01  1.230725E+00  1.225013E+00  1.251101E+00  1.528454E+00
  1.620000E+01  1.230607E+00  1.224573E+00  1.251848E+00  1.538161E+00
  1.640000E+01  1.230232E+00  1.224048E+00  1.251587E+00  1.530335E+00
  1.660000E+01  1.230073E+00  1.223681E+00  1.251697E+00  1.521707E+00
  1.680000E+01  1.230478E+00  1.223975E+00  1.251564E+00  1.518046E+00
  1.700000E+01  1.230363E+00  1.223436E+00  1.251258E+00  1.503856E+00
  1.720000E+01  1.229994E+00  1.223035E+00  1.251142E+00  1.498120E+00
  1.740000E+01  1.229891E+00  1.222861E+00  1.250652E+00  1.493607E+00
  1.760000E+01  1.229876E+00  1.222614E+00  1.250567E+00  1.489087E+00
  1.780000E+01  1.229708E+00  1.222314E+00  1.250342E+00  1.477073E+00
  1.800000E+01  1.229052E+00  1.221581E+00  1.249769E+00  1.479705E+00
  1.820000E+01  1.228856E+00  1.221277E+00  1.249692E+00  1.478795E+00
  1.840000E+01  1.228531E+00  1.220969E+00  1.250129E+00  1.486809E+00
  1.860000E+01  1.227791E+00  1.220054E+00  1.249548E+00  1.487455E+00
  1.880000E+01  1.227963E+00  1.219929E+00  1.248935E+00  1.497325E+00
  1.900000E+01  1.227576E+00  1.219267E+00  1.248274E+00  1.500625E+00
  1.920000E+01  1.227089E+00  1.218529E+00  1.247830E+00  1.506939E+00
  1.940000E+01  1.227398E+00  1.218473E+00  1.247779E+00  1.495769E+00
  1.960000E+01  1.226745E+00  1.217998E+00  1.247573E+00  1.498166E+00
  1.980000E+01  1.226564E+00  1.217762E+00  1.246959E+00  1.496725E+00
  2.000000E+01  1.226899E+00  1.218106E+00  1.247040E+00  1.504872E+00
  2.020000E+01  1.226933E+00  1.217981E+00  1.247040E+00  1.494945E+00
  2.040000E+01  1.227122E+00  1.218084E+00  1.246548E+00  1.489228E+00
  2.060000E+01  1.227082E+00  1.218071E+00  1.245641E+00  1.475695E+00
  2.080000E+01  1.227064E+00  1.218255E+00  1.245262E+00  1.473451E+00
  2.100000E+01  1.227653E+00  1.219089E+00  1.245212E+00  1.479643E+00
  2.120000E+01  1.227296E+00  1.218746E+00  1.245287E+00  1.481341E+00
  2.140000E+01  1.227751E+00  1.218990E+00  1.245675E+00  1.477902E+00
  2.160000E+01  1.227681E+00  1.218889E+00  1.245803E+00  1.479775E+00
  2.180000E+01  1.227045E+00  1.218371E+00  1.246092E+00  1.486690E+00
  2.200000E+01  1.228082E+00  1.219084E+00  1.246474E+00  1.485928E+00
  2.220000E+01  1.227962E+00  1.219086E+00  1.245929E+00  1.486375E+00
  2.240000E+01  1.227240E+00  1.218906E+00  1.246076E+00  1.489286E+00
  2.260000E+01  1.227551E+00  1.219030E+00  1.246634E+00  1.480530E+00
  2.280000E+01  1.227306E+00  1.219093E+00  1.247134E+00  1.487537E+00
  2.300000E+01  1.227600E+00  1.219403E+00  1.247369E+00  1.480753E+00
  2.320000E+01  1.227930E+00  1.220053E+00  1.248147E+00  1.488728E+00
  2.340000E+01  1.227935E+00  1.220858E+00  1.248236E+00  1.489671E+00
  2.360000E+01  1.228718E+00  1.221405E+00  1.249307E+00  1.484778E+00
  2.380000E+01  1.228737E+00  1.221321E+00  1.249165E+00  1.484936E+00
  2.400000E+01  1.229201E+00  1.221796E+00  1.250061E+00  1.492270E+00
  2.420000E+01  1.229025E+00  1.222448E+00  1.251741E+00  1.495573E+00
  2.440000E+01  1.228838E+00  1.222782E+00  1.252595E+00  1.504491E+00
  2.460000E+01  1.228883E+00  1.222814E+00  1.253502E+00  1.498645E+00
  2.480000E+01  1.228894E+00  1.223026E+00  1.254413E+00  1.496825E+00
  2.500000E+01  1.228935E+00  1.222961E+00  1.255501E+00  1.494696E+00
  2.520000E+01  1.229255E+00  1.222975E+00  1.256169E+00  1.500670E+00
  2.540000E+01  1.228974E+00  1.222994E+00  1.257036E+00  1.503000E+00
  2.560000E+01  1.229105E+00  1.223479E+00  1.257676E+00  1.500133E+00
  2.580000E+01  1.229207E+00  1.223572E+00  1.258332E+00  1.496430E+00
  2.600000E+01  1.229166E+00  1.223617E+00  1.259142E+00  1.498749E+00
  2.620000E+01  1.229017E+00  1.223619E+00  1.260288E+00  1.501771E+00
  2.640000E+01  1.228763E+00  1.223907E+00  1.261518E+00  1.508599E+00
  2.660000E+01  1.228052E+00  1.224105E+00  1.262168E+00  1.506797E+00
  2.680000E+01  1.228249E+00  1.224779E+00  1.263373E+00  1.512355E+00
  2.700000E+01  1.228090E+00  1.225021E+00  1.263365E+00  1.510358E+00
  2.720000E+01  1.227812E+00  1.225270E+00  1.264547E+00  1.508747E+00
  2.740000E+01  1.227753E+00  1.225082E+00  1.264735E+00  1.506326E+00
  2.760000E+01  1.227898E+00  1.225848E+00  1.264851E+00  1.512923E+00
  2.780000E+01  1.227580E+00  1.226068E+00  1.265875E+00  1.512745E+00
  2.800000E+01  1.227273E+00  1.226039E+00  1.267219E+00  1.507049E+00
  2.820000E+01  1.226899E+00  1.226137E+00  1.267741E+00  1.507222E+00
  2.840000E+01  1.226649E+00  1.226028E+00  1.268498E+00  1.502992E+00
  2.860000E+01  1.226236E+00  1.226118E+00  1.268423E+00  1.504448E+00
  2.880000E+01  1.226168E+00  1.226137E+00  1.268390E+00  1.507480E+00
  2.900000E+01  1.226129E+00  1.226357E+00  1.269249E+00  1.505175E+00
  2.920000E+01  1.225112E+00  1.225934E+00  1.269346E+00  1.508205E+00
  2.940000E+01  1.225627E+00  1.226461E+00  1.269980E+00  1.509634E+00
  2.960000E+01  1.225142E+00  1.226547E+00  1.270381E+00  1.511836E+00
  2.980000E+01  1.225021E+00  1.226431E+00  1.270220E+00  1.510232E+00
  3.000000E+01  1.224280E+00  1.226426E+00  1.270189E+00  1.511779E+00
