 # time N_2body(integrated) N_2body(timestep)
  2.000000E-01  0.000000E+00  0.000000E+00
  4.000000E-01  0.000000E+00  0.000000E+00
  6.000000E-01  0.000000E+00  0.000000E+00
  8.000000E-01  0.000000E+00  0.000000E+00
  1.000000E+00  0.000000E+00  0.000000E+00
  1.200000E+00  0.000000E+00  0.000000E+00
  1.400000E+00  0.000000E+00  0.000000E+00
  1.600000E+00  0.000000E+00  0.000000E+00
  1.800000E+00  0.000000E+00  0.000000E+00
  2.000000E+00  0.000000E+00  0.000000E+00
  2.200000E+00  0.000000E+00  0.000000E+00
  2.400000E+00  0.000000E+00  0.000000E+00
  2.600000E+00  0.000000E+00  0.000000E+00
  2.800000E+00  1.000000E-04  1.000000E-04
  3.000000E+00  1.000000E-04  0.000000E+00
  3.200000E+00  3.000000E-04  2.000000E-04
  3.400000E+00  3.000000E-04  0.000000E+00
  3.600000E+00  3.000000E-04  0.000000E+00
  3.800000E+00  3.000000E-04  0.000000E+00
  4.000000E+00  3.000000E-04  0.000000E+00
  4.200000E+00  3.000000E-04  0.000000E+00
  4.400000E+00  3.000000E-04  0.000000E+00
  4.600000E+00  3.000000E-04  0.000000E+00
  4.800000E+00  4.000000E-04  1.000000E-04
  5.000000E+00  4.000000E-04  0.000000E+00
  5.200000E+00  5.000000E-04  1.000000E-04
  5.400000E+00  5.000000E-04  0.000000E+00
  5.600000E+00  6.000000E-04  1.000000E-04
  5.800000E+00  6.000000E-04  0.000000E+00
  6.000000E+00  7.000000E-04  1.000000E-04
  6.200000E+00  7.000000E-04  0.000000E+00
  6.400000E+00  1.300000E-03  6.000000E-04
  6.600000E+00  1.600000E-03  3.000000E-04
  6.800000E+00  2.100000E-03  5.000000E-04
  7.000000E+00  3.000000E-03  9.000000E-04
  7.200000E+00  4.100000E-03  1.100000E-03
  7.400000E+00  4.800000E-03  7.000000E-04
  7.600000E+00  5.600000E-03  8.000000E-04
  7.800000E+00  6.300000E-03  7.000000E-04
  8.000000E+00  7.700000E-03  1.400000E-03
  8.200000E+00  9.400000E-03  1.700000E-03
  8.400000E+00  1.130000E-02  1.900000E-03
  8.600000E+00  1.390000E-02  2.600000E-03
  8.800000E+00  1.540000E-02  1.500000E-03
  9.000000E+00  1.810000E-02  2.700000E-03
  9.200000E+00  2.030000E-02  2.200000E-03
  9.400000E+00  2.260000E-02  2.300000E-03
  9.600000E+00  2.500000E-02  2.400000E-03
  9.800000E+00  2.840000E-02  3.400000E-03
  1.000000E+01  3.140000E-02  3.000000E-03
  1.020000E+01  3.670000E-02  5.300000E-03
  1.040000E+01  4.150000E-02  4.800000E-03
  1.060000E+01  4.640000E-02  4.900000E-03
  1.080000E+01  5.390000E-02  7.500000E-03
  1.100000E+01  6.740000E-02  1.350000E-02
  1.120000E+01  9.260000E-02  2.520000E-02
  1.140000E+01  1.259000E-01  3.330000E-02
  1.160000E+01  1.760000E-01  5.010000E-02
  1.180000E+01  2.468000E-01  7.080000E-02
  1.200000E+01  3.377000E-01  9.090000E-02
  1.220000E+01  4.510000E-01  1.133000E-01
  1.240000E+01  5.882000E-01  1.372000E-01
  1.260000E+01  7.490000E-01  1.608000E-01
  1.280000E+01  9.292000E-01  1.802000E-01
  1.300000E+01  1.129200E+00  2.000000E-01
  1.320000E+01  1.342100E+00  2.129000E-01
  1.340000E+01  1.570800E+00  2.287000E-01
  1.360000E+01  1.812200E+00  2.414000E-01
  1.380000E+01  2.060700E+00  2.485000E-01
  1.400000E+01  2.328300E+00  2.676000E-01
  1.420000E+01  2.595400E+00  2.671000E-01
  1.440000E+01  2.873700E+00  2.783000E-01
  1.460000E+01  3.163700E+00  2.900000E-01
  1.480000E+01  3.438200E+00  2.745000E-01
  1.500000E+01  3.723300E+00  2.851000E-01
  1.520000E+01  4.013100E+00  2.898000E-01
  1.540000E+01  4.304400E+00  2.913000E-01
  1.560000E+01  4.590900E+00  2.865000E-01
  1.580000E+01  4.881800E+00  2.909000E-01
  1.600000E+01  5.164400E+00  2.826000E-01
  1.620000E+01  5.441800E+00  2.774000E-01
  1.640000E+01  5.737000E+00  2.952000E-01
  1.660000E+01  6.026400E+00  2.894000E-01
  1.680000E+01  6.318900E+00  2.925000E-01
  1.700000E+01  6.614800E+00  2.959000E-01
  1.720000E+01  6.886900E+00  2.721000E-01
  1.740000E+01  7.177000E+00  2.901000E-01
  1.760000E+01  7.468600E+00  2.916000E-01
  1.780000E+01  7.760800E+00  2.922000E-01
  1.800000E+01  8.047200E+00  2.864000E-01
  1.820000E+01  8.349200E+00  3.020000E-01
  1.840000E+01  8.635900E+00  2.867000E-01
  1.860000E+01  8.917800E+00  2.819000E-01
  1.880000E+01  9.204400E+00  2.866000E-01
  1.900000E+01  9.491200E+00  2.868000E-01
  1.920000E+01  9.765700E+00  2.745000E-01
  1.940000E+01  1.004170E+01  2.760000E-01
  1.960000E+01  1.031460E+01  2.729000E-01
  1.980000E+01  1.059350E+01  2.789000E-01
  2.000000E+01  1.087460E+01  2.811000E-01
  2.020000E+01  1.114490E+01  2.703000E-01
  2.040000E+01  1.142100E+01  2.761000E-01
  2.060000E+01  1.169370E+01  2.727000E-01
  2.080000E+01  1.196050E+01  2.668000E-01
  2.100000E+01  1.222980E+01  2.693000E-01
  2.120000E+01  1.249180E+01  2.620000E-01
  2.140000E+01  1.275070E+01  2.589000E-01
  2.160000E+01  1.300540E+01  2.547000E-01
  2.180000E+01  1.326110E+01  2.557000E-01
  2.200000E+01  1.350280E+01  2.417000E-01
  2.220000E+01  1.375180E+01  2.490000E-01
  2.240000E+01  1.399300E+01  2.412000E-01
  2.260000E+01  1.423350E+01  2.405000E-01
  2.280000E+01  1.446980E+01  2.363000E-01
  2.300000E+01  1.470660E+01  2.368000E-01
  2.320000E+01  1.494760E+01  2.410000E-01
  2.340000E+01  1.517780E+01  2.302000E-01
  2.360000E+01  1.540130E+01  2.235000E-01
  2.380000E+01  1.561610E+01  2.148000E-01
  2.400000E+01  1.583960E+01  2.235000E-01
  2.420000E+01  1.605860E+01  2.190000E-01
  2.440000E+01  1.627460E+01  2.160000E-01
  2.460000E+01  1.648820E+01  2.136000E-01
  2.480000E+01  1.669480E+01  2.066000E-01
  2.500000E+01  1.690920E+01  2.144000E-01
  2.520000E+01  1.710010E+01  1.909000E-01
  2.540000E+01  1.729690E+01  1.968000E-01
  2.560000E+01  1.749520E+01  1.983000E-01
  2.580000E+01  1.769580E+01  2.006000E-01
  2.600000E+01  1.787990E+01  1.841000E-01
  2.620000E+01  1.806940E+01  1.895000E-01
  2.640000E+01  1.825720E+01  1.878000E-01
  2.660000E+01  1.844040E+01  1.832000E-01
  2.680000E+01  1.862620E+01  1.858000E-01
  2.700000E+01  1.881000E+01  1.838000E-01
  2.720000E+01  1.898250E+01  1.725000E-01
  2.740000E+01  1.915320E+01  1.707000E-01
  2.760000E+01  1.932680E+01  1.736000E-01
  2.780000E+01  1.949990E+01  1.731000E-01
  2.800000E+01  1.966860E+01  1.687000E-01
  2.820000E+01  1.983120E+01  1.626000E-01
  2.840000E+01  1.999670E+01  1.655000E-01
  2.860000E+01  2.016110E+01  1.644000E-01
  2.880000E+01  2.032630E+01  1.652000E-01
  2.900000E+01  2.049090E+01  1.646000E-01
  2.920000E+01  2.064150E+01  1.506000E-01
  2.940000E+01  2.080380E+01  1.623000E-01
  2.960000E+01  2.095600E+01  1.522000E-01
  2.980000E+01  2.110930E+01  1.533000E-01
  3.000000E+01  2.126310E+01  1.538000E-01
  2.000000E-01  0.000000E+00  0.000000E+00
  4.000000E-01  0.000000E+00  0.000000E+00
  6.000000E-01  0.000000E+00  0.000000E+00
  8.000000E-01  0.000000E+00  0.000000E+00
  1.000000E+00  0.000000E+00  0.000000E+00
  1.200000E+00  0.000000E+00  0.000000E+00
  1.400000E+00  0.000000E+00  0.000000E+00
  1.600000E+00  0.000000E+00  0.000000E+00
  1.800000E+00  0.000000E+00  0.000000E+00
  2.000000E+00  0.000000E+00  0.000000E+00
  2.200000E+00  0.000000E+00  0.000000E+00
  2.400000E+00  0.000000E+00  0.000000E+00
  2.600000E+00  0.000000E+00  0.000000E+00
  2.800000E+00  0.000000E+00  0.000000E+00
  3.000000E+00  0.000000E+00  0.000000E+00
  3.200000E+00  0.000000E+00  0.000000E+00
  3.400000E+00  0.000000E+00  0.000000E+00
  3.600000E+00  0.000000E+00  0.000000E+00
  3.800000E+00  0.000000E+00  0.000000E+00
  4.000000E+00  0.000000E+00  0.000000E+00
  4.200000E+00  0.000000E+00  0.000000E+00
  4.400000E+00  0.000000E+00  0.000000E+00
  4.600000E+00  2.000000E-04  2.000000E-04
  4.800000E+00  2.000000E-04  0.000000E+00
  5.000000E+00  2.000000E-04  0.000000E+00
  5.200000E+00  3.000000E-04  1.000000E-04
  5.400000E+00  3.000000E-04  0.000000E+00
  5.600000E+00  3.000000E-04  0.000000E+00
  5.800000E+00  6.000000E-04  3.000000E-04
  6.000000E+00  9.000000E-04  3.000000E-04
  6.200000E+00  1.300000E-03  4.000000E-04
  6.400000E+00  1.800000E-03  5.000000E-04
  6.600000E+00  2.200000E-03  4.000000E-04
  6.800000E+00  2.500000E-03  3.000000E-04
  7.000000E+00  3.500000E-03  1.000000E-03
  7.200000E+00  4.500000E-03  1.000000E-03
  7.400000E+00  5.000000E-03  5.000000E-04
  7.600000E+00  5.600000E-03  6.000000E-04
  7.800000E+00  6.700000E-03  1.100000E-03
  8.000000E+00  7.800000E-03  1.100000E-03
  8.200000E+00  9.800000E-03  2.000000E-03
  8.400000E+00  1.110000E-02  1.300000E-03
  8.600000E+00  1.310000E-02  2.000000E-03
  8.800000E+00  1.500000E-02  1.900000E-03
  9.000000E+00  1.680000E-02  1.800000E-03
  9.200000E+00  1.850000E-02  1.700000E-03
  9.400000E+00  2.120000E-02  2.700000E-03
  9.600000E+00  2.410000E-02  2.900000E-03
  9.800000E+00  2.750000E-02  3.400000E-03
  1.000000E+01  3.130000E-02  3.800000E-03
  1.020000E+01  3.640000E-02  5.100000E-03
  1.040000E+01  4.180000E-02  5.400000E-03
  1.060000E+01  4.760000E-02  5.800000E-03
  1.080000E+01  5.740000E-02  9.800000E-03
  1.100000E+01  7.290000E-02  1.550000E-02
  1.120000E+01  9.640000E-02  2.350000E-02
  1.140000E+01  1.317000E-01  3.530000E-02
  1.160000E+01  1.852000E-01  5.350000E-02
  1.180000E+01  2.589000E-01  7.370000E-02
  1.200000E+01  3.582000E-01  9.930000E-02
  1.220000E+01  4.867000E-01  1.285000E-01
  1.240000E+01  6.281000E-01  1.414000E-01
  1.260000E+01  7.900000E-01  1.619000E-01
  1.280000E+01  9.773000E-01  1.873000E-01
  1.300000E+01  1.175400E+00  1.981000E-01
  1.320000E+01  1.389000E+00  2.136000E-01
  1.340000E+01  1.611500E+00  2.225000E-01
  1.360000E+01  1.858200E+00  2.467000E-01
  1.380000E+01  2.120800E+00  2.626000E-01
  1.400000E+01  2.385400E+00  2.646000E-01
  1.420000E+01  2.650600E+00  2.652000E-01
  1.440000E+01  2.922800E+00  2.722000E-01
  1.460000E+01  3.198200E+00  2.754000E-01
  1.480000E+01  3.465900E+00  2.677000E-01
  1.500000E+01  3.759400E+00  2.935000E-01
  1.520000E+01  4.052600E+00  2.932000E-01
  1.540000E+01  4.325500E+00  2.729000E-01
  1.560000E+01  4.605000E+00  2.795000E-01
  1.580000E+01  4.887000E+00  2.820000E-01
  1.600000E+01  5.177500E+00  2.905000E-01
  1.620000E+01  5.463600E+00  2.861000E-01
  1.640000E+01  5.748900E+00  2.853000E-01
  1.660000E+01  6.033900E+00  2.850000E-01
  1.680000E+01  6.317500E+00  2.836000E-01
  1.700000E+01  6.614300E+00  2.968000E-01
  1.720000E+01  6.894600E+00  2.803000E-01
  1.740000E+01  7.185400E+00  2.908000E-01
  1.760000E+01  7.462600E+00  2.772000E-01
  1.780000E+01  7.750100E+00  2.875000E-01
  1.800000E+01  8.026600E+00  2.765000E-01
  1.820000E+01  8.323300E+00  2.967000E-01
  1.840000E+01  8.605300E+00  2.820000E-01
  1.860000E+01  8.893100E+00  2.878000E-01
  1.880000E+01  9.170900E+00  2.778000E-01
  1.900000E+01  9.443600E+00  2.727000E-01
  1.920000E+01  9.716500E+00  2.729000E-01
  1.940000E+01  9.998000E+00  2.815000E-01
  1.960000E+01  1.028040E+01  2.824000E-01
  1.980000E+01  1.055070E+01  2.703000E-01
  2.000000E+01  1.081420E+01  2.635000E-01
  2.020000E+01  1.108050E+01  2.663000E-01
  2.040000E+01  1.134240E+01  2.619000E-01
  2.060000E+01  1.160770E+01  2.653000E-01
  2.080000E+01  1.187070E+01  2.630000E-01
  2.100000E+01  1.212850E+01  2.578000E-01
  2.120000E+01  1.238770E+01  2.592000E-01
  2.140000E+01  1.263730E+01  2.496000E-01
  2.160000E+01  1.289290E+01  2.556000E-01
  2.180000E+01  1.315030E+01  2.574000E-01
  2.200000E+01  1.339780E+01  2.475000E-01
  2.220000E+01  1.363530E+01  2.375000E-01
  2.240000E+01  1.386790E+01  2.326000E-01
  2.260000E+01  1.410710E+01  2.392000E-01
  2.280000E+01  1.434440E+01  2.373000E-01
  2.300000E+01  1.457840E+01  2.340000E-01
  2.320000E+01  1.480870E+01  2.303000E-01
  2.340000E+01  1.504360E+01  2.349000E-01
  2.360000E+01  1.526970E+01  2.261000E-01
  2.380000E+01  1.548700E+01  2.173000E-01
  2.400000E+01  1.569940E+01  2.124000E-01
  2.420000E+01  1.591480E+01  2.154000E-01
  2.440000E+01  1.612390E+01  2.091000E-01
  2.460000E+01  1.632900E+01  2.051000E-01
  2.480000E+01  1.653470E+01  2.057000E-01
  2.500000E+01  1.673610E+01  2.014000E-01
  2.520000E+01  1.693580E+01  1.997000E-01
  2.540000E+01  1.713020E+01  1.944000E-01
  2.560000E+01  1.732140E+01  1.912000E-01
  2.580000E+01  1.751140E+01  1.900000E-01
  2.600000E+01  1.769780E+01  1.864000E-01
  2.620000E+01  1.787880E+01  1.810000E-01
  2.640000E+01  1.806520E+01  1.864000E-01
  2.660000E+01  1.824680E+01  1.816000E-01
  2.680000E+01  1.842560E+01  1.788000E-01
  2.700000E+01  1.860140E+01  1.758000E-01
  2.720000E+01  1.876990E+01  1.685000E-01
  2.740000E+01  1.893850E+01  1.686000E-01
  2.760000E+01  1.911240E+01  1.739000E-01
  2.780000E+01  1.928790E+01  1.755000E-01
  2.800000E+01  1.945130E+01  1.634000E-01
  2.820000E+01  1.961840E+01  1.671000E-01
  2.840000E+01  1.978260E+01  1.642000E-01
  2.860000E+01  1.994820E+01  1.656000E-01
  2.880000E+01  2.011220E+01  1.640000E-01
  2.900000E+01  2.027710E+01  1.649000E-01
  2.920000E+01  2.043090E+01  1.538000E-01
  2.940000E+01  2.059090E+01  1.600000E-01
  2.960000E+01  2.074750E+01  1.566000E-01
  2.980000E+01  2.089280E+01  1.453000E-01
  3.000000E+01  2.104450E+01  1.517000E-01
  2.000000E-01  0.000000E+00  0.000000E+00
  4.000000E-01  0.000000E+00  0.000000E+00
  6.000000E-01  0.000000E+00  0.000000E+00
  8.000000E-01  0.000000E+00  0.000000E+00
  1.000000E+00  0.000000E+00  0.000000E+00
  1.200000E+00  0.000000E+00  0.000000E+00
  1.400000E+00  0.000000E+00  0.000000E+00
  1.600000E+00  0.000000E+00  0.000000E+00
  1.800000E+00  0.000000E+00  0.000000E+00
  2.000000E+00  0.000000E+00  0.000000E+00
  2.200000E+00  0.000000E+00  0.000000E+00
  2.400000E+00  0.000000E+00  0.000000E+00
  2.600000E+00  0.000000E+00  0.000000E+00
  2.800000E+00  0.000000E+00  0.000000E+00
  3.000000E+00  0.000000E+00  0.000000E+00
  3.200000E+00  0.000000E+00  0.000000E+00
  3.400000E+00  0.000000E+00  0.000000E+00
  3.600000E+00  1.000000E-04  1.000000E-04
  3.800000E+00  1.000000E-04  0.000000E+00
  4.000000E+00  1.000000E-04  0.000000E+00
  4.200000E+00  1.000000E-04  0.000000E+00
  4.400000E+00  1.000000E-04  0.000000E+00
  4.600000E+00  1.000000E-04  0.000000E+00
  4.800000E+00  1.000000E-04  0.000000E+00
  5.000000E+00  2.000000E-04  1.000000E-04
  5.200000E+00  4.000000E-04  2.000000E-04
  5.400000E+00  5.000000E-04  1.000000E-04
  5.600000E+00  6.000000E-04  1.000000E-04
  5.800000E+00  7.000000E-04  1.000000E-04
  6.000000E+00  7.000000E-04  0.000000E+00
  6.200000E+00  8.000000E-04  1.000000E-04
  6.400000E+00  1.100000E-03  3.000000E-04
  6.600000E+00  1.200000E-03  1.000000E-04
  6.800000E+00  1.600000E-03  4.000000E-04
  7.000000E+00  2.100000E-03  5.000000E-04
  7.200000E+00  3.300000E-03  1.200000E-03
  7.400000E+00  4.200000E-03  9.000000E-04
  7.600000E+00  4.900000E-03  7.000000E-04
  7.800000E+00  5.400000E-03  5.000000E-04
  8.000000E+00  6.400000E-03  1.000000E-03
  8.200000E+00  8.300000E-03  1.900000E-03
  8.400000E+00  1.050000E-02  2.200000E-03
  8.600000E+00  1.160000E-02  1.100000E-03
  8.800000E+00  1.380000E-02  2.200000E-03
  9.000000E+00  1.560000E-02  1.800000E-03
  9.200000E+00  1.740000E-02  1.800000E-03
  9.400000E+00  2.020000E-02  2.800000E-03
  9.600000E+00  2.420000E-02  4.000000E-03
  9.800000E+00  2.770000E-02  3.500000E-03
  1.000000E+01  3.240000E-02  4.700000E-03
  1.020000E+01  3.720000E-02  4.800000E-03
  1.040000E+01  4.260000E-02  5.400000E-03
  1.060000E+01  4.820000E-02  5.600000E-03
  1.080000E+01  5.700000E-02  8.800000E-03
  1.100000E+01  7.180000E-02  1.480000E-02
  1.120000E+01  9.330000E-02  2.150000E-02
  1.140000E+01  1.295000E-01  3.620000E-02
  1.160000E+01  1.843000E-01  5.480000E-02
  1.180000E+01  2.516000E-01  6.730000E-02
  1.200000E+01  3.493000E-01  9.770000E-02
  1.220000E+01  4.622000E-01  1.129000E-01
  1.240000E+01  6.055000E-01  1.433000E-01
  1.260000E+01  7.590000E-01  1.535000E-01
  1.280000E+01  9.346000E-01  1.756000E-01
  1.300000E+01  1.120300E+00  1.857000E-01
  1.320000E+01  1.321300E+00  2.010000E-01
  1.340000E+01  1.549400E+00  2.281000E-01
  1.360000E+01  1.785200E+00  2.358000E-01
  1.380000E+01  2.029900E+00  2.447000E-01
  1.400000E+01  2.289600E+00  2.597000E-01
  1.420000E+01  2.553800E+00  2.642000E-01
  1.440000E+01  2.830800E+00  2.770000E-01
  1.460000E+01  3.113400E+00  2.826000E-01
  1.480000E+01  3.393400E+00  2.800000E-01
  1.500000E+01  3.680000E+00  2.866000E-01
  1.520000E+01  3.961800E+00  2.818000E-01
  1.540000E+01  4.246000E+00  2.842000E-01
  1.560000E+01  4.526100E+00  2.801000E-01
  1.580000E+01  4.800300E+00  2.742000E-01
  1.600000E+01  5.084400E+00  2.841000E-01
  1.620000E+01  5.376000E+00  2.916000E-01
  1.640000E+01  5.664500E+00  2.885000E-01
  1.660000E+01  5.948600E+00  2.841000E-01
  1.680000E+01  6.243700E+00  2.951000E-01
  1.700000E+01  6.533300E+00  2.896000E-01
  1.720000E+01  6.820700E+00  2.874000E-01
  1.740000E+01  7.112900E+00  2.922000E-01
  1.760000E+01  7.400000E+00  2.871000E-01
  1.780000E+01  7.690700E+00  2.907000E-01
  1.800000E+01  7.973200E+00  2.825000E-01
  1.820000E+01  8.260800E+00  2.876000E-01
  1.840000E+01  8.548600E+00  2.878000E-01
  1.860000E+01  8.843100E+00  2.945000E-01
  1.880000E+01  9.124800E+00  2.817000E-01
  1.900000E+01  9.418600E+00  2.938000E-01
  1.920000E+01  9.693700E+00  2.751000E-01
  1.940000E+01  9.972100E+00  2.784000E-01
  1.960000E+01  1.025550E+01  2.834000E-01
  1.980000E+01  1.053060E+01  2.751000E-01
  2.000000E+01  1.080980E+01  2.792000E-01
  2.020000E+01  1.109170E+01  2.819000E-01
  2.040000E+01  1.136340E+01  2.717000E-01
  2.060000E+01  1.162230E+01  2.589000E-01
  2.080000E+01  1.188990E+01  2.676000E-01
  2.100000E+01  1.215580E+01  2.659000E-01
  2.120000E+01  1.241100E+01  2.552000E-01
  2.140000E+01  1.266700E+01  2.560000E-01
  2.160000E+01  1.291710E+01  2.501000E-01
  2.180000E+01  1.317000E+01  2.529000E-01
  2.200000E+01  1.342450E+01  2.545000E-01
  2.220000E+01  1.366760E+01  2.431000E-01
  2.240000E+01  1.391110E+01  2.435000E-01
  2.260000E+01  1.415140E+01  2.403000E-01
  2.280000E+01  1.439120E+01  2.398000E-01
  2.300000E+01  1.462610E+01  2.349000E-01
  2.320000E+01  1.485940E+01  2.333000E-01
  2.340000E+01  1.509180E+01  2.324000E-01
  2.360000E+01  1.531980E+01  2.280000E-01
  2.380000E+01  1.554090E+01  2.211000E-01
  2.400000E+01  1.576870E+01  2.278000E-01
  2.420000E+01  1.598810E+01  2.194000E-01
  2.440000E+01  1.619960E+01  2.115000E-01
  2.460000E+01  1.641480E+01  2.152000E-01
  2.480000E+01  1.662680E+01  2.120000E-01
  2.500000E+01  1.683690E+01  2.101000E-01
  2.520000E+01  1.703570E+01  1.988000E-01
  2.540000E+01  1.723370E+01  1.980000E-01
  2.560000E+01  1.743270E+01  1.990000E-01
  2.580000E+01  1.762340E+01  1.907000E-01
  2.600000E+01  1.781320E+01  1.898000E-01
  2.620000E+01  1.800060E+01  1.874000E-01
  2.640000E+01  1.819160E+01  1.910000E-01
  2.660000E+01  1.837620E+01  1.846000E-01
  2.680000E+01  1.855980E+01  1.836000E-01
  2.700000E+01  1.874730E+01  1.875000E-01
  2.720000E+01  1.892750E+01  1.802000E-01
  2.740000E+01  1.911070E+01  1.832000E-01
  2.760000E+01  1.928960E+01  1.789000E-01
  2.780000E+01  1.946360E+01  1.740000E-01
  2.800000E+01  1.963810E+01  1.745000E-01
  2.820000E+01  1.980980E+01  1.717000E-01
  2.840000E+01  1.997610E+01  1.663000E-01
  2.860000E+01  2.014770E+01  1.716000E-01
  2.880000E+01  2.030630E+01  1.586000E-01
  2.900000E+01  2.046690E+01  1.606000E-01
  2.920000E+01  2.062810E+01  1.612000E-01
  2.940000E+01  2.078460E+01  1.565000E-01
  2.960000E+01  2.093400E+01  1.494000E-01
  2.980000E+01  2.108590E+01  1.519000E-01
  3.000000E+01  2.123670E+01  1.508000E-01
  2.000000E-01  0.000000E+00  0.000000E+00
  4.000000E-01  0.000000E+00  0.000000E+00
  6.000000E-01  0.000000E+00  0.000000E+00
  8.000000E-01  0.000000E+00  0.000000E+00
  1.000000E+00  0.000000E+00  0.000000E+00
  1.200000E+00  0.000000E+00  0.000000E+00
  1.400000E+00  0.000000E+00  0.000000E+00
  1.600000E+00  0.000000E+00  0.000000E+00
  1.800000E+00  0.000000E+00  0.000000E+00
  2.000000E+00  0.000000E+00  0.000000E+00
  2.200000E+00  0.000000E+00  0.000000E+00
  2.400000E+00  0.000000E+00  0.000000E+00
  2.600000E+00  1.000000E-04  1.000000E-04
  2.800000E+00  1.000000E-04  0.000000E+00
  3.000000E+00  1.000000E-04  0.000000E+00
  3.200000E+00  1.000000E-04  0.000000E+00
  3.400000E+00  1.000000E-04  0.000000E+00
  3.600000E+00  2.000000E-04  1.000000E-04
  3.800000E+00  2.000000E-04  0.000000E+00
  4.000000E+00  2.000000E-04  0.000000E+00
  4.200000E+00  3.000000E-04  1.000000E-04
  4.400000E+00  5.000000E-04  2.000000E-04
  4.600000E+00  7.000000E-04  2.000000E-04
  4.800000E+00  8.000000E-04  1.000000E-04
  5.000000E+00  8.000000E-04  0.000000E+00
  5.200000E+00  9.000000E-04  1.000000E-04
  5.400000E+00  9.000000E-04  0.000000E+00
  5.600000E+00  9.000000E-04  0.000000E+00
  5.800000E+00  9.000000E-04  0.000000E+00
  6.000000E+00  1.100000E-03  2.000000E-04
  6.200000E+00  1.400000E-03  3.000000E-04
  6.400000E+00  1.800000E-03  4.000000E-04
  6.600000E+00  1.800000E-03  0.000000E+00
  6.800000E+00  2.000000E-03  2.000000E-04
  7.000000E+00  2.400000E-03  4.000000E-04
  7.200000E+00  3.100000E-03  7.000000E-04
  7.400000E+00  3.800000E-03  7.000000E-04
  7.600000E+00  4.200000E-03  4.000000E-04
  7.800000E+00  4.800000E-03  6.000000E-04
  8.000000E+00  5.500000E-03  7.000000E-04
  8.200000E+00  7.200000E-03  1.700000E-03
  8.400000E+00  9.200000E-03  2.000000E-03
  8.600000E+00  1.190000E-02  2.700000E-03
  8.800000E+00  1.360000E-02  1.700000E-03
  9.000000E+00  1.510000E-02  1.500000E-03
  9.200000E+00  1.670000E-02  1.600000E-03
  9.400000E+00  1.960000E-02  2.900000E-03
  9.600000E+00  2.190000E-02  2.300000E-03
  9.800000E+00  2.490000E-02  3.000000E-03
  1.000000E+01  2.700000E-02  2.100000E-03
  1.020000E+01  3.080000E-02  3.800000E-03
  1.040000E+01  3.530000E-02  4.500000E-03
  1.060000E+01  4.060000E-02  5.300000E-03
  1.080000E+01  4.660000E-02  6.000000E-03
  1.100000E+01  6.100000E-02  1.440000E-02
  1.120000E+01  8.170000E-02  2.070000E-02
  1.140000E+01  1.138000E-01  3.210000E-02
  1.160000E+01  1.632000E-01  4.940000E-02
  1.180000E+01  2.308000E-01  6.760000E-02
  1.200000E+01  3.163000E-01  8.550000E-02
  1.220000E+01  4.269000E-01  1.106000E-01
  1.240000E+01  5.608000E-01  1.339000E-01
  1.260000E+01  7.211000E-01  1.603000E-01
  1.280000E+01  8.975000E-01  1.764000E-01
  1.300000E+01  1.096200E+00  1.987000E-01
  1.320000E+01  1.305900E+00  2.097000E-01
  1.340000E+01  1.537300E+00  2.314000E-01
  1.360000E+01  1.777200E+00  2.399000E-01
  1.380000E+01  2.017200E+00  2.400000E-01
  1.400000E+01  2.271200E+00  2.540000E-01
  1.420000E+01  2.541800E+00  2.706000E-01
  1.440000E+01  2.806300E+00  2.645000E-01
  1.460000E+01  3.087400E+00  2.811000E-01
  1.480000E+01  3.373000E+00  2.856000E-01
  1.500000E+01  3.659200E+00  2.862000E-01
  1.520000E+01  3.949500E+00  2.903000E-01
  1.540000E+01  4.245600E+00  2.961000E-01
  1.560000E+01  4.532300E+00  2.867000E-01
  1.580000E+01  4.823600E+00  2.913000E-01
  1.600000E+01  5.115800E+00  2.922000E-01
  1.620000E+01  5.405100E+00  2.893000E-01
  1.640000E+01  5.694400E+00  2.893000E-01
  1.660000E+01  5.989300E+00  2.949000E-01
  1.680000E+01  6.282300E+00  2.930000E-01
  1.700000E+01  6.565200E+00  2.829000E-01
  1.720000E+01  6.843600E+00  2.784000E-01
  1.740000E+01  7.131600E+00  2.880000E-01
  1.760000E+01  7.416900E+00  2.853000E-01
  1.780000E+01  7.708300E+00  2.914000E-01
  1.800000E+01  7.991800E+00  2.835000E-01
  1.820000E+01  8.278800E+00  2.870000E-01
  1.840000E+01  8.565100E+00  2.863000E-01
  1.860000E+01  8.850800E+00  2.857000E-01
  1.880000E+01  9.134700E+00  2.839000E-01
  1.900000E+01  9.423700E+00  2.890000E-01
  1.920000E+01  9.702500E+00  2.788000E-01
  1.940000E+01  9.977300E+00  2.748000E-01
  1.960000E+01  1.024730E+01  2.700000E-01
  1.980000E+01  1.052150E+01  2.742000E-01
  2.000000E+01  1.080360E+01  2.821000E-01
  2.020000E+01  1.108000E+01  2.764000E-01
  2.040000E+01  1.136010E+01  2.801000E-01
  2.060000E+01  1.163730E+01  2.772000E-01
  2.080000E+01  1.190870E+01  2.714000E-01
  2.100000E+01  1.217280E+01  2.641000E-01
  2.120000E+01  1.243710E+01  2.643000E-01
  2.140000E+01  1.270260E+01  2.655000E-01
  2.160000E+01  1.296510E+01  2.625000E-01
  2.180000E+01  1.322620E+01  2.611000E-01
  2.200000E+01  1.347820E+01  2.520000E-01
  2.220000E+01  1.372050E+01  2.423000E-01
  2.240000E+01  1.397530E+01  2.548000E-01
  2.260000E+01  1.421170E+01  2.364000E-01
  2.280000E+01  1.444840E+01  2.367000E-01
  2.300000E+01  1.468750E+01  2.391000E-01
  2.320000E+01  1.492400E+01  2.365000E-01
  2.340000E+01  1.516000E+01  2.360000E-01
  2.360000E+01  1.539680E+01  2.368000E-01
  2.380000E+01  1.562910E+01  2.323000E-01
  2.400000E+01  1.585210E+01  2.230000E-01
  2.420000E+01  1.606710E+01  2.150000E-01
  2.440000E+01  1.629280E+01  2.257000E-01
  2.460000E+01  1.651500E+01  2.222000E-01
  2.480000E+01  1.672810E+01  2.131000E-01
  2.500000E+01  1.693260E+01  2.045000E-01
  2.520000E+01  1.714020E+01  2.076000E-01
  2.540000E+01  1.734390E+01  2.037000E-01
  2.560000E+01  1.754320E+01  1.993000E-01
  2.580000E+01  1.775170E+01  2.085000E-01
  2.600000E+01  1.794570E+01  1.940000E-01
  2.620000E+01  1.814060E+01  1.949000E-01
  2.640000E+01  1.832970E+01  1.891000E-01
  2.660000E+01  1.851430E+01  1.846000E-01
  2.680000E+01  1.870310E+01  1.888000E-01
  2.700000E+01  1.888640E+01  1.833000E-01
  2.720000E+01  1.906600E+01  1.796000E-01
  2.740000E+01  1.924190E+01  1.759000E-01
  2.760000E+01  1.941520E+01  1.733000E-01
  2.780000E+01  1.959420E+01  1.790000E-01
  2.800000E+01  1.976610E+01  1.719000E-01
  2.820000E+01  1.993960E+01  1.735000E-01
  2.840000E+01  2.010940E+01  1.698000E-01
  2.860000E+01  2.028520E+01  1.758000E-01
  2.880000E+01  2.044870E+01  1.635000E-01
  2.900000E+01  2.060490E+01  1.562000E-01
  2.920000E+01  2.076150E+01  1.566000E-01
  2.940000E+01  2.092120E+01  1.597000E-01
  2.960000E+01  2.107780E+01  1.566000E-01
  2.980000E+01  2.122710E+01  1.493000E-01
  3.000000E+01  2.138230E+01  1.552000E-01
  2.000000E-01  0.000000E+00  0.000000E+00
  4.000000E-01  0.000000E+00  0.000000E+00
  6.000000E-01  0.000000E+00  0.000000E+00
  8.000000E-01  0.000000E+00  0.000000E+00
  1.000000E+00  0.000000E+00  0.000000E+00
  1.200000E+00  0.000000E+00  0.000000E+00
  1.400000E+00  0.000000E+00  0.000000E+00
  1.600000E+00  0.000000E+00  0.000000E+00
  1.800000E+00  0.000000E+00  0.000000E+00
  2.000000E+00  0.000000E+00  0.000000E+00
  2.200000E+00  0.000000E+00  0.000000E+00
  2.400000E+00  0.000000E+00  0.000000E+00
  2.600000E+00  0.000000E+00  0.000000E+00
  2.800000E+00  0.000000E+00  0.000000E+00
  3.000000E+00  0.000000E+00  0.000000E+00
  3.200000E+00  0.000000E+00  0.000000E+00
  3.400000E+00  1.000000E-04  1.000000E-04
  3.600000E+00  2.000000E-04  1.000000E-04
  3.800000E+00  2.000000E-04  0.000000E+00
  4.000000E+00  2.000000E-04  0.000000E+00
  4.200000E+00  2.000000E-04  0.000000E+00
  4.400000E+00  3.000000E-04  1.000000E-04
  4.600000E+00  3.000000E-04  0.000000E+00
  4.800000E+00  3.000000E-04  0.000000E+00
  5.000000E+00  3.000000E-04  0.000000E+00
  5.200000E+00  4.000000E-04  1.000000E-04
  5.400000E+00  7.000000E-04  3.000000E-04
  5.600000E+00  7.000000E-04  0.000000E+00
  5.800000E+00  8.000000E-04  1.000000E-04
  6.000000E+00  1.000000E-03  2.000000E-04
  6.200000E+00  1.400000E-03  4.000000E-04
  6.400000E+00  1.500000E-03  1.000000E-04
  6.600000E+00  1.900000E-03  4.000000E-04
  6.800000E+00  2.000000E-03  1.000000E-04
  7.000000E+00  2.800000E-03  8.000000E-04
  7.200000E+00  3.600000E-03  8.000000E-04
  7.400000E+00  4.100000E-03  5.000000E-04
  7.600000E+00  5.200000E-03  1.100000E-03
  7.800000E+00  6.200000E-03  1.000000E-03
  8.000000E+00  7.200000E-03  1.000000E-03
  8.200000E+00  9.000000E-03  1.800000E-03
  8.400000E+00  1.030000E-02  1.300000E-03
  8.600000E+00  1.200000E-02  1.700000E-03
  8.800000E+00  1.310000E-02  1.100000E-03
  9.000000E+00  1.460000E-02  1.500000E-03
  9.200000E+00  1.680000E-02  2.200000E-03
  9.400000E+00  2.000000E-02  3.200000E-03
  9.600000E+00  2.320000E-02  3.200000E-03
  9.800000E+00  2.710000E-02  3.900000E-03
  1.000000E+01  3.020000E-02  3.100000E-03
  1.020000E+01  3.420000E-02  4.000000E-03
  1.040000E+01  3.910000E-02  4.900000E-03
  1.060000E+01  4.480000E-02  5.700000E-03
  1.080000E+01  5.420000E-02  9.400000E-03
  1.100000E+01  6.870000E-02  1.450000E-02
  1.120000E+01  9.320000E-02  2.450000E-02
  1.140000E+01  1.319000E-01  3.870000E-02
  1.160000E+01  1.855000E-01  5.360000E-02
  1.180000E+01  2.605000E-01  7.500000E-02
  1.200000E+01  3.544000E-01  9.390000E-02
  1.220000E+01  4.665000E-01  1.121000E-01
  1.240000E+01  6.068000E-01  1.403000E-01
  1.260000E+01  7.561000E-01  1.493000E-01
  1.280000E+01  9.366000E-01  1.805000E-01
  1.300000E+01  1.140300E+00  2.037000E-01
  1.320000E+01  1.360100E+00  2.198000E-01
  1.340000E+01  1.595100E+00  2.350000E-01
  1.360000E+01  1.833400E+00  2.383000E-01
  1.380000E+01  2.081700E+00  2.483000E-01
  1.400000E+01  2.338900E+00  2.572000E-01
  1.420000E+01  2.602300E+00  2.634000E-01
  1.440000E+01  2.871200E+00  2.689000E-01
  1.460000E+01  3.149800E+00  2.786000E-01
  1.480000E+01  3.438300E+00  2.885000E-01
  1.500000E+01  3.717600E+00  2.793000E-01
  1.520000E+01  4.005100E+00  2.875000E-01
  1.540000E+01  4.285000E+00  2.799000E-01
  1.560000E+01  4.568400E+00  2.834000E-01
  1.580000E+01  4.858000E+00  2.896000E-01
  1.600000E+01  5.143500E+00  2.855000E-01
  1.620000E+01  5.440400E+00  2.969000E-01
  1.640000E+01  5.725600E+00  2.852000E-01
  1.660000E+01  6.005800E+00  2.802000E-01
  1.680000E+01  6.295500E+00  2.897000E-01
  1.700000E+01  6.591900E+00  2.964000E-01
  1.720000E+01  6.885200E+00  2.933000E-01
  1.740000E+01  7.186000E+00  3.008000E-01
  1.760000E+01  7.475700E+00  2.897000E-01
  1.780000E+01  7.763300E+00  2.876000E-01
  1.800000E+01  8.058000E+00  2.947000E-01
  1.820000E+01  8.343800E+00  2.858000E-01
  1.840000E+01  8.619900E+00  2.761000E-01
  1.860000E+01  8.899000E+00  2.791000E-01
  1.880000E+01  9.187200E+00  2.882000E-01
  1.900000E+01  9.463400E+00  2.762000E-01
  1.920000E+01  9.744000E+00  2.806000E-01
  1.940000E+01  1.002900E+01  2.850000E-01
  1.960000E+01  1.029730E+01  2.683000E-01
  1.980000E+01  1.056120E+01  2.639000E-01
  2.000000E+01  1.083250E+01  2.713000E-01
  2.020000E+01  1.109810E+01  2.656000E-01
  2.040000E+01  1.137210E+01  2.740000E-01
  2.060000E+01  1.164250E+01  2.704000E-01
  2.080000E+01  1.190710E+01  2.646000E-01
  2.100000E+01  1.216880E+01  2.617000E-01
  2.120000E+01  1.243030E+01  2.615000E-01
  2.140000E+01  1.268930E+01  2.590000E-01
  2.160000E+01  1.294360E+01  2.543000E-01
  2.180000E+01  1.319380E+01  2.502000E-01
  2.200000E+01  1.343980E+01  2.460000E-01
  2.220000E+01  1.368570E+01  2.459000E-01
  2.240000E+01  1.393380E+01  2.481000E-01
  2.260000E+01  1.417360E+01  2.398000E-01
  2.280000E+01  1.440640E+01  2.328000E-01
  2.300000E+01  1.463750E+01  2.311000E-01
  2.320000E+01  1.486730E+01  2.298000E-01
  2.340000E+01  1.509930E+01  2.320000E-01
  2.360000E+01  1.532180E+01  2.225000E-01
  2.380000E+01  1.554420E+01  2.224000E-01
  2.400000E+01  1.576950E+01  2.253000E-01
  2.420000E+01  1.598720E+01  2.177000E-01
  2.440000E+01  1.620150E+01  2.143000E-01
  2.460000E+01  1.642050E+01  2.190000E-01
  2.480000E+01  1.663060E+01  2.101000E-01
  2.500000E+01  1.683730E+01  2.067000E-01
  2.520000E+01  1.704430E+01  2.070000E-01
  2.540000E+01  1.724140E+01  1.971000E-01
  2.560000E+01  1.743750E+01  1.961000E-01
  2.580000E+01  1.763720E+01  1.997000E-01
  2.600000E+01  1.782710E+01  1.899000E-01
  2.620000E+01  1.802400E+01  1.969000E-01
  2.640000E+01  1.820820E+01  1.842000E-01
  2.660000E+01  1.838910E+01  1.809000E-01
  2.680000E+01  1.858140E+01  1.923000E-01
  2.700000E+01  1.876360E+01  1.822000E-01
  2.720000E+01  1.894200E+01  1.784000E-01
  2.740000E+01  1.912610E+01  1.841000E-01
  2.760000E+01  1.930480E+01  1.787000E-01
  2.780000E+01  1.947720E+01  1.724000E-01
  2.800000E+01  1.965180E+01  1.746000E-01
  2.820000E+01  1.982090E+01  1.691000E-01
  2.840000E+01  1.998850E+01  1.676000E-01
  2.860000E+01  2.015860E+01  1.701000E-01
  2.880000E+01  2.032050E+01  1.619000E-01
  2.900000E+01  2.047910E+01  1.586000E-01
  2.920000E+01  2.062850E+01  1.494000E-01
  2.940000E+01  2.078760E+01  1.591000E-01
  2.960000E+01  2.093500E+01  1.474000E-01
  2.980000E+01  2.108390E+01  1.489000E-01
  3.000000E+01  2.123010E+01  1.462000E-01
