# r [fm], rho_B, rho_p, rho_n
  0.00  0.0000E+00  0.0000E+00  0.0000E+00
  0.01  0.0000E+00  0.0000E+00  0.0000E+00
  0.02  0.0000E+00  0.0000E+00  0.0000E+00
  0.03  0.0000E+00  0.0000E+00  0.0000E+00
  0.04  0.0000E+00  0.0000E+00  0.0000E+00
  0.05  0.0000E+00  0.0000E+00  0.0000E+00
  0.06  0.0000E+00  0.0000E+00  0.0000E+00
  0.07  0.0000E+00  0.0000E+00  0.0000E+00
  0.08  0.0000E+00  0.0000E+00  0.0000E+00
  0.09  0.0000E+00  0.0000E+00  0.0000E+00
  0.10  0.0000E+00  0.0000E+00  0.0000E+00
  0.11  0.0000E+00  0.0000E+00  0.0000E+00
  0.12  0.0000E+00  0.0000E+00  0.0000E+00
  0.13  0.0000E+00  0.0000E+00  0.0000E+00
  0.14  0.0000E+00  0.0000E+00  0.0000E+00
  0.15  0.0000E+00  0.0000E+00  0.0000E+00
  0.16  0.0000E+00  0.0000E+00  0.0000E+00
  0.17  0.0000E+00  0.0000E+00  0.0000E+00
  0.18  0.0000E+00  0.0000E+00  0.0000E+00
  0.19  0.0000E+00  0.0000E+00  0.0000E+00
  0.20  0.0000E+00  0.0000E+00  0.0000E+00
  0.21  0.0000E+00  0.0000E+00  0.0000E+00
  0.22  0.0000E+00  0.0000E+00  0.0000E+00
  0.23  0.0000E+00  0.0000E+00  0.0000E+00
  0.24  0.0000E+00  0.0000E+00  0.0000E+00
  0.25  0.0000E+00  0.0000E+00  0.0000E+00
  0.26  0.0000E+00  0.0000E+00  0.0000E+00
  0.27  0.0000E+00  0.0000E+00  0.0000E+00
  0.28  0.0000E+00  0.0000E+00  0.0000E+00
  0.29  0.0000E+00  0.0000E+00  0.0000E+00
  0.30  0.0000E+00  0.0000E+00  0.0000E+00
  0.31  0.0000E+00  0.0000E+00  0.0000E+00
  0.32  0.0000E+00  0.0000E+00  0.0000E+00
  0.33  0.0000E+00  0.0000E+00  0.0000E+00
  0.34  0.0000E+00  0.0000E+00  0.0000E+00
  0.35  0.0000E+00  0.0000E+00  0.0000E+00
  0.36  0.0000E+00  0.0000E+00  0.0000E+00
  0.37  0.0000E+00  0.0000E+00  0.0000E+00
  0.38  0.0000E+00  0.0000E+00  0.0000E+00
  0.39  0.0000E+00  0.0000E+00  0.0000E+00
  0.40  0.0000E+00  0.0000E+00  0.0000E+00
  0.41  0.0000E+00  0.0000E+00  0.0000E+00
  0.42  0.0000E+00  0.0000E+00  0.0000E+00
  0.43  0.0000E+00  0.0000E+00  0.0000E+00
  0.44  0.0000E+00  0.0000E+00  0.0000E+00
  0.45  0.0000E+00  0.0000E+00  0.0000E+00
  0.46  0.0000E+00  0.0000E+00  0.0000E+00
  0.47  0.0000E+00  0.0000E+00  0.0000E+00
  0.48  0.0000E+00  0.0000E+00  0.0000E+00
  0.49  0.0000E+00  0.0000E+00  0.0000E+00
  0.50  0.0000E+00  0.0000E+00  0.0000E+00
  0.51  0.0000E+00  0.0000E+00  0.0000E+00
  0.52  0.0000E+00  0.0000E+00  0.0000E+00
  0.53  0.0000E+00  0.0000E+00  0.0000E+00
  0.54  0.0000E+00  0.0000E+00  0.0000E+00
  0.55  0.0000E+00  0.0000E+00  0.0000E+00
  0.56  0.0000E+00  0.0000E+00  0.0000E+00
  0.57  0.0000E+00  0.0000E+00  0.0000E+00
  0.58  0.0000E+00  0.0000E+00  0.0000E+00
  0.59  0.0000E+00  0.0000E+00  0.0000E+00
  0.60  0.0000E+00  0.0000E+00  0.0000E+00
  0.61  0.0000E+00  0.0000E+00  0.0000E+00
  0.62  0.0000E+00  0.0000E+00  0.0000E+00
  0.63  0.0000E+00  0.0000E+00  0.0000E+00
  0.64  0.0000E+00  0.0000E+00  0.0000E+00
  0.65  0.0000E+00  0.0000E+00  0.0000E+00
  0.66  0.0000E+00  0.0000E+00  0.0000E+00
  0.67  0.0000E+00  0.0000E+00  0.0000E+00
  0.68  0.0000E+00  0.0000E+00  0.0000E+00
  0.69  0.0000E+00  0.0000E+00  0.0000E+00
  0.70  0.0000E+00  0.0000E+00  0.0000E+00
  0.71  0.0000E+00  0.0000E+00  0.0000E+00
  0.72  0.0000E+00  0.0000E+00  0.0000E+00
  0.73  0.0000E+00  0.0000E+00  0.0000E+00
  0.74  0.0000E+00  0.0000E+00  0.0000E+00
  0.75  0.0000E+00  0.0000E+00  0.0000E+00
  0.76  0.0000E+00  0.0000E+00  0.0000E+00
  0.77  0.0000E+00  0.0000E+00  0.0000E+00
  0.78  0.0000E+00  0.0000E+00  0.0000E+00
  0.79  0.0000E+00  0.0000E+00  0.0000E+00
  0.80  0.0000E+00  0.0000E+00  0.0000E+00
  0.81  0.0000E+00  0.0000E+00  0.0000E+00
  0.82  0.0000E+00  0.0000E+00  0.0000E+00
  0.83  0.0000E+00  0.0000E+00  0.0000E+00
  0.84  0.0000E+00  0.0000E+00  0.0000E+00
  0.85  0.0000E+00  0.0000E+00  0.0000E+00
  0.86  0.0000E+00  0.0000E+00  0.0000E+00
  0.87  0.0000E+00  0.0000E+00  0.0000E+00
  0.88  0.0000E+00  0.0000E+00  0.0000E+00
  0.89  0.0000E+00  0.0000E+00  0.0000E+00
  0.90  0.0000E+00  0.0000E+00  0.0000E+00
  0.91  0.0000E+00  0.0000E+00  0.0000E+00
  0.92  0.0000E+00  0.0000E+00  0.0000E+00
  0.93  0.0000E+00  0.0000E+00  0.0000E+00
  0.94  0.0000E+00  0.0000E+00  0.0000E+00
  0.95  0.0000E+00  0.0000E+00  0.0000E+00
  0.96  0.0000E+00  0.0000E+00  0.0000E+00
  0.97  0.0000E+00  0.0000E+00  0.0000E+00
  0.98  0.0000E+00  0.0000E+00  0.0000E+00
  0.99  0.0000E+00  0.0000E+00  0.0000E+00
  1.00  0.0000E+00  0.0000E+00  0.0000E+00
  1.01  0.0000E+00  0.0000E+00  0.0000E+00
  1.02  0.0000E+00  0.0000E+00  0.0000E+00
  1.03  0.0000E+00  0.0000E+00  0.0000E+00
  1.04  0.0000E+00  0.0000E+00  0.0000E+00
  1.05  0.0000E+00  0.0000E+00  0.0000E+00
  1.06  0.0000E+00  0.0000E+00  0.0000E+00
  1.07  0.0000E+00  0.0000E+00  0.0000E+00
  1.08  0.0000E+00  0.0000E+00  0.0000E+00
  1.09  0.0000E+00  0.0000E+00  0.0000E+00
  1.10  0.0000E+00  0.0000E+00  0.0000E+00
  1.11  0.0000E+00  0.0000E+00  0.0000E+00
  1.12  0.0000E+00  0.0000E+00  0.0000E+00
  1.13  0.0000E+00  0.0000E+00  0.0000E+00
  1.14  0.0000E+00  0.0000E+00  0.0000E+00
  1.15  0.0000E+00  0.0000E+00  0.0000E+00
  1.16  0.0000E+00  0.0000E+00  0.0000E+00
  1.17  0.0000E+00  0.0000E+00  0.0000E+00
  1.18  0.0000E+00  0.0000E+00  0.0000E+00
  1.19  0.0000E+00  0.0000E+00  0.0000E+00
  1.20  0.0000E+00  0.0000E+00  0.0000E+00
  1.21  0.0000E+00  0.0000E+00  0.0000E+00
  1.22  0.0000E+00  0.0000E+00  0.0000E+00
  1.23  0.0000E+00  0.0000E+00  0.0000E+00
  1.24  0.0000E+00  0.0000E+00  0.0000E+00
  1.25  0.0000E+00  0.0000E+00  0.0000E+00
  1.26  0.0000E+00  0.0000E+00  0.0000E+00
  1.27  0.0000E+00  0.0000E+00  0.0000E+00
  1.28  0.0000E+00  0.0000E+00  0.0000E+00
  1.29  0.0000E+00  0.0000E+00  0.0000E+00
  1.30  0.0000E+00  0.0000E+00  0.0000E+00
  1.31  0.0000E+00  0.0000E+00  0.0000E+00
  1.32  0.0000E+00  0.0000E+00  0.0000E+00
  1.33  0.0000E+00  0.0000E+00  0.0000E+00
  1.34  0.0000E+00  0.0000E+00  0.0000E+00
  1.35  0.0000E+00  0.0000E+00  0.0000E+00
  1.36  0.0000E+00  0.0000E+00  0.0000E+00
  1.37  0.0000E+00  0.0000E+00  0.0000E+00
  1.38  0.0000E+00  0.0000E+00  0.0000E+00
  1.39  0.0000E+00  0.0000E+00  0.0000E+00
  1.40  0.0000E+00  0.0000E+00  0.0000E+00
  1.41  0.0000E+00  0.0000E+00  0.0000E+00
  1.42  0.0000E+00  0.0000E+00  0.0000E+00
  1.43  0.0000E+00  0.0000E+00  0.0000E+00
  1.44  0.0000E+00  0.0000E+00  0.0000E+00
  1.45  0.0000E+00  0.0000E+00  0.0000E+00
  1.46  0.0000E+00  0.0000E+00  0.0000E+00
  1.47  0.0000E+00  0.0000E+00  0.0000E+00
  1.48  0.0000E+00  0.0000E+00  0.0000E+00
  1.49  0.0000E+00  0.0000E+00  0.0000E+00
  1.50  0.0000E+00  0.0000E+00  0.0000E+00
  1.51  0.0000E+00  0.0000E+00  0.0000E+00
  1.52  0.0000E+00  0.0000E+00  0.0000E+00
  1.53  0.0000E+00  0.0000E+00  0.0000E+00
  1.54  0.0000E+00  0.0000E+00  0.0000E+00
  1.55  0.0000E+00  0.0000E+00  0.0000E+00
  1.56  0.0000E+00  0.0000E+00  0.0000E+00
  1.57  0.0000E+00  0.0000E+00  0.0000E+00
  1.58  0.0000E+00  0.0000E+00  0.0000E+00
  1.59  0.0000E+00  0.0000E+00  0.0000E+00
  1.60  0.0000E+00  0.0000E+00  0.0000E+00
  1.61  0.0000E+00  0.0000E+00  0.0000E+00
  1.62  0.0000E+00  0.0000E+00  0.0000E+00
  1.63  0.0000E+00  0.0000E+00  0.0000E+00
  1.64  0.0000E+00  0.0000E+00  0.0000E+00
  1.65  0.0000E+00  0.0000E+00  0.0000E+00
  1.66  0.0000E+00  0.0000E+00  0.0000E+00
  1.67  0.0000E+00  0.0000E+00  0.0000E+00
  1.68  0.0000E+00  0.0000E+00  0.0000E+00
  1.69  0.0000E+00  0.0000E+00  0.0000E+00
  1.70  0.0000E+00  0.0000E+00  0.0000E+00
  1.71  0.0000E+00  0.0000E+00  0.0000E+00
  1.72  0.0000E+00  0.0000E+00  0.0000E+00
  1.73  0.0000E+00  0.0000E+00  0.0000E+00
  1.74  0.0000E+00  0.0000E+00  0.0000E+00
  1.75  0.0000E+00  0.0000E+00  0.0000E+00
  1.76  0.0000E+00  0.0000E+00  0.0000E+00
  1.77  0.0000E+00  0.0000E+00  0.0000E+00
  1.78  0.0000E+00  0.0000E+00  0.0000E+00
  1.79  0.0000E+00  0.0000E+00  0.0000E+00
  1.80  0.0000E+00  0.0000E+00  0.0000E+00
  1.81  0.0000E+00  0.0000E+00  0.0000E+00
  1.82  0.0000E+00  0.0000E+00  0.0000E+00
  1.83  0.0000E+00  0.0000E+00  0.0000E+00
  1.84  0.0000E+00  0.0000E+00  0.0000E+00
  1.85  0.0000E+00  0.0000E+00  0.0000E+00
  1.86  0.0000E+00  0.0000E+00  0.0000E+00
  1.87  0.0000E+00  0.0000E+00  0.0000E+00
  1.88  0.0000E+00  0.0000E+00  0.0000E+00
  1.89  0.0000E+00  0.0000E+00  0.0000E+00
  1.90  0.0000E+00  0.0000E+00  0.0000E+00
  1.91  0.0000E+00  0.0000E+00  0.0000E+00
  1.92  0.0000E+00  0.0000E+00  0.0000E+00
  1.93  0.0000E+00  0.0000E+00  0.0000E+00
  1.94  0.0000E+00  0.0000E+00  0.0000E+00
  1.95  0.0000E+00  0.0000E+00  0.0000E+00
  1.96  0.0000E+00  0.0000E+00  0.0000E+00
  1.97  0.0000E+00  0.0000E+00  0.0000E+00
  1.98  0.0000E+00  0.0000E+00  0.0000E+00
  1.99  0.0000E+00  0.0000E+00  0.0000E+00
  2.00  0.0000E+00  0.0000E+00  0.0000E+00
  2.01  0.0000E+00  0.0000E+00  0.0000E+00
  2.02  0.0000E+00  0.0000E+00  0.0000E+00
  2.03  0.0000E+00  0.0000E+00  0.0000E+00
  2.04  0.0000E+00  0.0000E+00  0.0000E+00
  2.05  0.0000E+00  0.0000E+00  0.0000E+00
  2.06  0.0000E+00  0.0000E+00  0.0000E+00
  2.07  0.0000E+00  0.0000E+00  0.0000E+00
  2.08  0.0000E+00  0.0000E+00  0.0000E+00
  2.09  0.0000E+00  0.0000E+00  0.0000E+00
  2.10  0.0000E+00  0.0000E+00  0.0000E+00
  2.11  0.0000E+00  0.0000E+00  0.0000E+00
  2.12  0.0000E+00  0.0000E+00  0.0000E+00
  2.13  0.0000E+00  0.0000E+00  0.0000E+00
  2.14  0.0000E+00  0.0000E+00  0.0000E+00
  2.15  0.0000E+00  0.0000E+00  0.0000E+00
  2.16  0.0000E+00  0.0000E+00  0.0000E+00
  2.17  0.0000E+00  0.0000E+00  0.0000E+00
  2.18  0.0000E+00  0.0000E+00  0.0000E+00
  2.19  0.0000E+00  0.0000E+00  0.0000E+00
  2.20  0.0000E+00  0.0000E+00  0.0000E+00
  2.21  0.0000E+00  0.0000E+00  0.0000E+00
  2.22  0.0000E+00  0.0000E+00  0.0000E+00
  2.23  0.0000E+00  0.0000E+00  0.0000E+00
  2.24  0.0000E+00  0.0000E+00  0.0000E+00
  2.25  0.0000E+00  0.0000E+00  0.0000E+00
  2.26  0.0000E+00  0.0000E+00  0.0000E+00
  2.27  0.0000E+00  0.0000E+00  0.0000E+00
  2.28  0.0000E+00  0.0000E+00  0.0000E+00
  2.29  0.0000E+00  0.0000E+00  0.0000E+00
  2.30  0.0000E+00  0.0000E+00  0.0000E+00
  2.31  0.0000E+00  0.0000E+00  0.0000E+00
  2.32  0.0000E+00  0.0000E+00  0.0000E+00
  2.33  0.0000E+00  0.0000E+00  0.0000E+00
  2.34  0.0000E+00  0.0000E+00  0.0000E+00
  2.35  0.0000E+00  0.0000E+00  0.0000E+00
  2.36  0.0000E+00  0.0000E+00  0.0000E+00
  2.37  0.0000E+00  0.0000E+00  0.0000E+00
  2.38  0.0000E+00  0.0000E+00  0.0000E+00
  2.39  0.0000E+00  0.0000E+00  0.0000E+00
  2.40  0.0000E+00  0.0000E+00  0.0000E+00
  2.41  0.0000E+00  0.0000E+00  0.0000E+00
  2.42  0.0000E+00  0.0000E+00  0.0000E+00
  2.43  0.0000E+00  0.0000E+00  0.0000E+00
  2.44  0.0000E+00  0.0000E+00  0.0000E+00
  2.45  0.0000E+00  0.0000E+00  0.0000E+00
  2.46  0.0000E+00  0.0000E+00  0.0000E+00
  2.47  0.0000E+00  0.0000E+00  0.0000E+00
  2.48  0.0000E+00  0.0000E+00  0.0000E+00
  2.49  0.0000E+00  0.0000E+00  0.0000E+00
  2.50  0.0000E+00  0.0000E+00  0.0000E+00
  2.51  0.0000E+00  0.0000E+00  0.0000E+00
  2.52  0.0000E+00  0.0000E+00  0.0000E+00
  2.53  0.0000E+00  0.0000E+00  0.0000E+00
  2.54  0.0000E+00  0.0000E+00  0.0000E+00
  2.55  0.0000E+00  0.0000E+00  0.0000E+00
  2.56  0.0000E+00  0.0000E+00  0.0000E+00
  2.57  0.0000E+00  0.0000E+00  0.0000E+00
  2.58  0.0000E+00  0.0000E+00  0.0000E+00
  2.59  0.0000E+00  0.0000E+00  0.0000E+00
  2.60  0.0000E+00  0.0000E+00  0.0000E+00
  2.61  0.0000E+00  0.0000E+00  0.0000E+00
  2.62  0.0000E+00  0.0000E+00  0.0000E+00
  2.63  0.0000E+00  0.0000E+00  0.0000E+00
  2.64  0.0000E+00  0.0000E+00  0.0000E+00
  2.65  0.0000E+00  0.0000E+00  0.0000E+00
  2.66  0.0000E+00  0.0000E+00  0.0000E+00
  2.67  0.0000E+00  0.0000E+00  0.0000E+00
  2.68  0.0000E+00  0.0000E+00  0.0000E+00
  2.69  0.0000E+00  0.0000E+00  0.0000E+00
  2.70  0.0000E+00  0.0000E+00  0.0000E+00
  2.71  0.0000E+00  0.0000E+00  0.0000E+00
  2.72  0.0000E+00  0.0000E+00  0.0000E+00
  2.73  0.0000E+00  0.0000E+00  0.0000E+00
  2.74  0.0000E+00  0.0000E+00  0.0000E+00
  2.75  0.0000E+00  0.0000E+00  0.0000E+00
  2.76  0.0000E+00  0.0000E+00  0.0000E+00
  2.77  0.0000E+00  0.0000E+00  0.0000E+00
  2.78  0.0000E+00  0.0000E+00  0.0000E+00
  2.79  0.0000E+00  0.0000E+00  0.0000E+00
  2.80  0.0000E+00  0.0000E+00  0.0000E+00
  2.81  0.0000E+00  0.0000E+00  0.0000E+00
  2.82  0.0000E+00  0.0000E+00  0.0000E+00
  2.83  0.0000E+00  0.0000E+00  0.0000E+00
  2.84  0.0000E+00  0.0000E+00  0.0000E+00
  2.85  0.0000E+00  0.0000E+00  0.0000E+00
  2.86  0.0000E+00  0.0000E+00  0.0000E+00
  2.87  0.0000E+00  0.0000E+00  0.0000E+00
  2.88  0.0000E+00  0.0000E+00  0.0000E+00
  2.89  0.0000E+00  0.0000E+00  0.0000E+00
  2.90  0.0000E+00  0.0000E+00  0.0000E+00
  2.91  0.0000E+00  0.0000E+00  0.0000E+00
  2.92  0.0000E+00  0.0000E+00  0.0000E+00
  2.93  0.0000E+00  0.0000E+00  0.0000E+00
  2.94  0.0000E+00  0.0000E+00  0.0000E+00
  2.95  0.0000E+00  0.0000E+00  0.0000E+00
  2.96  0.0000E+00  0.0000E+00  0.0000E+00
  2.97  0.0000E+00  0.0000E+00  0.0000E+00
  2.98  0.0000E+00  0.0000E+00  0.0000E+00
  2.99  0.0000E+00  0.0000E+00  0.0000E+00
  3.00  0.0000E+00  0.0000E+00  0.0000E+00
  3.01  0.0000E+00  0.0000E+00  0.0000E+00
  3.02  0.0000E+00  0.0000E+00  0.0000E+00
  3.03  0.0000E+00  0.0000E+00  0.0000E+00
  3.04  0.0000E+00  0.0000E+00  0.0000E+00
  3.05  0.0000E+00  0.0000E+00  0.0000E+00
  3.06  0.0000E+00  0.0000E+00  0.0000E+00
  3.07  0.0000E+00  0.0000E+00  0.0000E+00
  3.08  0.0000E+00  0.0000E+00  0.0000E+00
  3.09  0.0000E+00  0.0000E+00  0.0000E+00
  3.10  0.0000E+00  0.0000E+00  0.0000E+00
  3.11  0.0000E+00  0.0000E+00  0.0000E+00
  3.12  0.0000E+00  0.0000E+00  0.0000E+00
  3.13  0.0000E+00  0.0000E+00  0.0000E+00
  3.14  0.0000E+00  0.0000E+00  0.0000E+00
  3.15  0.0000E+00  0.0000E+00  0.0000E+00
  3.16  0.0000E+00  0.0000E+00  0.0000E+00
  3.17  0.0000E+00  0.0000E+00  0.0000E+00
  3.18  0.0000E+00  0.0000E+00  0.0000E+00
  3.19  0.0000E+00  0.0000E+00  0.0000E+00
  3.20  0.0000E+00  0.0000E+00  0.0000E+00
  3.21  0.0000E+00  0.0000E+00  0.0000E+00
  3.22  0.0000E+00  0.0000E+00  0.0000E+00
  3.23  0.0000E+00  0.0000E+00  0.0000E+00
  3.24  0.0000E+00  0.0000E+00  0.0000E+00
  3.25  0.0000E+00  0.0000E+00  0.0000E+00
  3.26  0.0000E+00  0.0000E+00  0.0000E+00
  3.27  0.0000E+00  0.0000E+00  0.0000E+00
  3.28  0.0000E+00  0.0000E+00  0.0000E+00
  3.29  0.0000E+00  0.0000E+00  0.0000E+00
  3.30  0.0000E+00  0.0000E+00  0.0000E+00
  3.31  0.0000E+00  0.0000E+00  0.0000E+00
  3.32  0.0000E+00  0.0000E+00  0.0000E+00
  3.33  0.0000E+00  0.0000E+00  0.0000E+00
  3.34  0.0000E+00  0.0000E+00  0.0000E+00
  3.35  0.0000E+00  0.0000E+00  0.0000E+00
  3.36  0.0000E+00  0.0000E+00  0.0000E+00
  3.37  0.0000E+00  0.0000E+00  0.0000E+00
  3.38  0.0000E+00  0.0000E+00  0.0000E+00
  3.39  0.0000E+00  0.0000E+00  0.0000E+00
  3.40  0.0000E+00  0.0000E+00  0.0000E+00
  3.41  0.0000E+00  0.0000E+00  0.0000E+00
  3.42  0.0000E+00  0.0000E+00  0.0000E+00
  3.43  0.0000E+00  0.0000E+00  0.0000E+00
  3.44  0.0000E+00  0.0000E+00  0.0000E+00
  3.45  0.0000E+00  0.0000E+00  0.0000E+00
  3.46  0.0000E+00  0.0000E+00  0.0000E+00
  3.47  0.0000E+00  0.0000E+00  0.0000E+00
  3.48  0.0000E+00  0.0000E+00  0.0000E+00
  3.49  0.0000E+00  0.0000E+00  0.0000E+00
  3.50  0.0000E+00  0.0000E+00  0.0000E+00
  3.51  0.0000E+00  0.0000E+00  0.0000E+00
  3.52  0.0000E+00  0.0000E+00  0.0000E+00
  3.53  0.0000E+00  0.0000E+00  0.0000E+00
  3.54  0.0000E+00  0.0000E+00  0.0000E+00
  3.55  0.0000E+00  0.0000E+00  0.0000E+00
  3.56  0.0000E+00  0.0000E+00  0.0000E+00
  3.57  0.0000E+00  0.0000E+00  0.0000E+00
  3.58  0.0000E+00  0.0000E+00  0.0000E+00
  3.59  0.0000E+00  0.0000E+00  0.0000E+00
  3.60  0.0000E+00  0.0000E+00  0.0000E+00
  3.61  0.0000E+00  0.0000E+00  0.0000E+00
  3.62  0.0000E+00  0.0000E+00  0.0000E+00
  3.63  0.0000E+00  0.0000E+00  0.0000E+00
  3.64  0.0000E+00  0.0000E+00  0.0000E+00
  3.65  0.0000E+00  0.0000E+00  0.0000E+00
  3.66  0.0000E+00  0.0000E+00  0.0000E+00
  3.67  0.0000E+00  0.0000E+00  0.0000E+00
  3.68  0.0000E+00  0.0000E+00  0.0000E+00
  3.69  0.0000E+00  0.0000E+00  0.0000E+00
  3.70  0.0000E+00  0.0000E+00  0.0000E+00
  3.71  0.0000E+00  0.0000E+00  0.0000E+00
  3.72  0.0000E+00  0.0000E+00  0.0000E+00
  3.73  0.0000E+00  0.0000E+00  0.0000E+00
  3.74  0.0000E+00  0.0000E+00  0.0000E+00
  3.75  0.0000E+00  0.0000E+00  0.0000E+00
  3.76  0.0000E+00  0.0000E+00  0.0000E+00
  3.77  0.0000E+00  0.0000E+00  0.0000E+00
  3.78  0.0000E+00  0.0000E+00  0.0000E+00
  3.79  0.0000E+00  0.0000E+00  0.0000E+00
  3.80  0.0000E+00  0.0000E+00  0.0000E+00
  3.81  0.0000E+00  0.0000E+00  0.0000E+00
  3.82  0.0000E+00  0.0000E+00  0.0000E+00
  3.83  0.0000E+00  0.0000E+00  0.0000E+00
  3.84  0.0000E+00  0.0000E+00  0.0000E+00
  3.85  0.0000E+00  0.0000E+00  0.0000E+00
  3.86  0.0000E+00  0.0000E+00  0.0000E+00
  3.87  0.0000E+00  0.0000E+00  0.0000E+00
  3.88  0.0000E+00  0.0000E+00  0.0000E+00
  3.89  0.0000E+00  0.0000E+00  0.0000E+00
  3.90  0.0000E+00  0.0000E+00  0.0000E+00
  3.91  0.0000E+00  0.0000E+00  0.0000E+00
  3.92  0.0000E+00  0.0000E+00  0.0000E+00
  3.93  0.0000E+00  0.0000E+00  0.0000E+00
  3.94  0.0000E+00  0.0000E+00  0.0000E+00
  3.95  0.0000E+00  0.0000E+00  0.0000E+00
  3.96  0.0000E+00  0.0000E+00  0.0000E+00
  3.97  0.0000E+00  0.0000E+00  0.0000E+00
  3.98  0.0000E+00  0.0000E+00  0.0000E+00
  3.99  0.0000E+00  0.0000E+00  0.0000E+00
  4.00  0.0000E+00  0.0000E+00  0.0000E+00
  4.01  0.0000E+00  0.0000E+00  0.0000E+00
  4.02  0.0000E+00  0.0000E+00  0.0000E+00
  4.03  0.0000E+00  0.0000E+00  0.0000E+00
  4.04  0.0000E+00  0.0000E+00  0.0000E+00
  4.05  0.0000E+00  0.0000E+00  0.0000E+00
  4.06  0.0000E+00  0.0000E+00  0.0000E+00
  4.07  0.0000E+00  0.0000E+00  0.0000E+00
  4.08  0.0000E+00  0.0000E+00  0.0000E+00
  4.09  0.0000E+00  0.0000E+00  0.0000E+00
  4.10  0.0000E+00  0.0000E+00  0.0000E+00
  4.11  0.0000E+00  0.0000E+00  0.0000E+00
  4.12  0.0000E+00  0.0000E+00  0.0000E+00
  4.13  0.0000E+00  0.0000E+00  0.0000E+00
  4.14  0.0000E+00  0.0000E+00  0.0000E+00
  4.15  0.0000E+00  0.0000E+00  0.0000E+00
  4.16  0.0000E+00  0.0000E+00  0.0000E+00
  4.17  0.0000E+00  0.0000E+00  0.0000E+00
  4.18  0.0000E+00  0.0000E+00  0.0000E+00
  4.19  0.0000E+00  0.0000E+00  0.0000E+00
  4.20  0.0000E+00  0.0000E+00  0.0000E+00
  4.21  0.0000E+00  0.0000E+00  0.0000E+00
  4.22  0.0000E+00  0.0000E+00  0.0000E+00
  4.23  0.0000E+00  0.0000E+00  0.0000E+00
  4.24  0.0000E+00  0.0000E+00  0.0000E+00
  4.25  0.0000E+00  0.0000E+00  0.0000E+00
  4.26  0.0000E+00  0.0000E+00  0.0000E+00
  4.27  0.0000E+00  0.0000E+00  0.0000E+00
  4.28  0.0000E+00  0.0000E+00  0.0000E+00
  4.29  0.0000E+00  0.0000E+00  0.0000E+00
  4.30  0.0000E+00  0.0000E+00  0.0000E+00
  4.31  0.0000E+00  0.0000E+00  0.0000E+00
  4.32  0.0000E+00  0.0000E+00  0.0000E+00
  4.33  0.0000E+00  0.0000E+00  0.0000E+00
  4.34  0.0000E+00  0.0000E+00  0.0000E+00
  4.35  0.0000E+00  0.0000E+00  0.0000E+00
  4.36  0.0000E+00  0.0000E+00  0.0000E+00
  4.37  0.0000E+00  0.0000E+00  0.0000E+00
  4.38  0.0000E+00  0.0000E+00  0.0000E+00
  4.39  0.0000E+00  0.0000E+00  0.0000E+00
  4.40  0.0000E+00  0.0000E+00  0.0000E+00
  4.41  0.0000E+00  0.0000E+00  0.0000E+00
  4.42  0.0000E+00  0.0000E+00  0.0000E+00
  4.43  0.0000E+00  0.0000E+00  0.0000E+00
  4.44  0.0000E+00  0.0000E+00  0.0000E+00
  4.45  0.0000E+00  0.0000E+00  0.0000E+00
  4.46  0.0000E+00  0.0000E+00  0.0000E+00
  4.47  0.0000E+00  0.0000E+00  0.0000E+00
  4.48  0.0000E+00  0.0000E+00  0.0000E+00
  4.49  0.0000E+00  0.0000E+00  0.0000E+00
  4.50  0.0000E+00  0.0000E+00  0.0000E+00
  4.51  0.0000E+00  0.0000E+00  0.0000E+00
  4.52  0.0000E+00  0.0000E+00  0.0000E+00
  4.53  0.0000E+00  0.0000E+00  0.0000E+00
  4.54  0.0000E+00  0.0000E+00  0.0000E+00
  4.55  0.0000E+00  0.0000E+00  0.0000E+00
  4.56  0.0000E+00  0.0000E+00  0.0000E+00
  4.57  0.0000E+00  0.0000E+00  0.0000E+00
  4.58  0.0000E+00  0.0000E+00  0.0000E+00
  4.59  0.0000E+00  0.0000E+00  0.0000E+00
  4.60  0.0000E+00  0.0000E+00  0.0000E+00
  4.61  0.0000E+00  0.0000E+00  0.0000E+00
  4.62  0.0000E+00  0.0000E+00  0.0000E+00
  4.63  0.0000E+00  0.0000E+00  0.0000E+00
  4.64  0.0000E+00  0.0000E+00  0.0000E+00
  4.65  0.0000E+00  0.0000E+00  0.0000E+00
  4.66  0.0000E+00  0.0000E+00  0.0000E+00
  4.67  0.0000E+00  0.0000E+00  0.0000E+00
  4.68  0.0000E+00  0.0000E+00  0.0000E+00
  4.69  0.0000E+00  0.0000E+00  0.0000E+00
  4.70  0.0000E+00  0.0000E+00  0.0000E+00
  4.71  0.0000E+00  0.0000E+00  0.0000E+00
  4.72  0.0000E+00  0.0000E+00  0.0000E+00
  4.73  0.0000E+00  0.0000E+00  0.0000E+00
  4.74  0.0000E+00  0.0000E+00  0.0000E+00
  4.75  0.0000E+00  0.0000E+00  0.0000E+00
  4.76  0.0000E+00  0.0000E+00  0.0000E+00
  4.77  0.0000E+00  0.0000E+00  0.0000E+00
  4.78  0.0000E+00  0.0000E+00  0.0000E+00
  4.79  0.0000E+00  0.0000E+00  0.0000E+00
  4.80  0.0000E+00  0.0000E+00  0.0000E+00
  4.81  0.0000E+00  0.0000E+00  0.0000E+00
  4.82  0.0000E+00  0.0000E+00  0.0000E+00
  4.83  0.0000E+00  0.0000E+00  0.0000E+00
  4.84  0.0000E+00  0.0000E+00  0.0000E+00
  4.85  0.0000E+00  0.0000E+00  0.0000E+00
  4.86  0.0000E+00  0.0000E+00  0.0000E+00
  4.87  0.0000E+00  0.0000E+00  0.0000E+00
  4.88  0.0000E+00  0.0000E+00  0.0000E+00
  4.89  0.0000E+00  0.0000E+00  0.0000E+00
  4.90  0.0000E+00  0.0000E+00  0.0000E+00
  4.91  0.0000E+00  0.0000E+00  0.0000E+00
  4.92  0.0000E+00  0.0000E+00  0.0000E+00
  4.93  0.0000E+00  0.0000E+00  0.0000E+00
  4.94  0.0000E+00  0.0000E+00  0.0000E+00
  4.95  0.0000E+00  0.0000E+00  0.0000E+00
  4.96  0.0000E+00  0.0000E+00  0.0000E+00
  4.97  0.0000E+00  0.0000E+00  0.0000E+00
  4.98  0.0000E+00  0.0000E+00  0.0000E+00
  4.99  0.0000E+00  0.0000E+00  0.0000E+00
  5.00  0.0000E+00  0.0000E+00  0.0000E+00
  5.01  0.0000E+00  0.0000E+00  0.0000E+00
  5.02  0.0000E+00  0.0000E+00  0.0000E+00
  5.03  0.0000E+00  0.0000E+00  0.0000E+00
  5.04  0.0000E+00  0.0000E+00  0.0000E+00
  5.05  0.0000E+00  0.0000E+00  0.0000E+00
  5.06  0.0000E+00  0.0000E+00  0.0000E+00
  5.07  0.0000E+00  0.0000E+00  0.0000E+00
  5.08  0.0000E+00  0.0000E+00  0.0000E+00
  5.09  0.0000E+00  0.0000E+00  0.0000E+00
  5.10  0.0000E+00  0.0000E+00  0.0000E+00
  5.11  0.0000E+00  0.0000E+00  0.0000E+00
  5.12  0.0000E+00  0.0000E+00  0.0000E+00
  5.13  0.0000E+00  0.0000E+00  0.0000E+00
  5.14  0.0000E+00  0.0000E+00  0.0000E+00
  5.15  0.0000E+00  0.0000E+00  0.0000E+00
  5.16  0.0000E+00  0.0000E+00  0.0000E+00
  5.17  0.0000E+00  0.0000E+00  0.0000E+00
  5.18  0.0000E+00  0.0000E+00  0.0000E+00
  5.19  0.0000E+00  0.0000E+00  0.0000E+00
  5.20  0.0000E+00  0.0000E+00  0.0000E+00
  5.21  0.0000E+00  0.0000E+00  0.0000E+00
  5.22  0.0000E+00  0.0000E+00  0.0000E+00
  5.23  0.0000E+00  0.0000E+00  0.0000E+00
  5.24  0.0000E+00  0.0000E+00  0.0000E+00
  5.25  0.0000E+00  0.0000E+00  0.0000E+00
  5.26  0.0000E+00  0.0000E+00  0.0000E+00
  5.27  0.0000E+00  0.0000E+00  0.0000E+00
  5.28  0.0000E+00  0.0000E+00  0.0000E+00
  5.29  0.0000E+00  0.0000E+00  0.0000E+00
  5.30  0.0000E+00  0.0000E+00  0.0000E+00
  5.31  0.0000E+00  0.0000E+00  0.0000E+00
  5.32  0.0000E+00  0.0000E+00  0.0000E+00
  5.33  0.0000E+00  0.0000E+00  0.0000E+00
  5.34  0.0000E+00  0.0000E+00  0.0000E+00
  5.35  0.0000E+00  0.0000E+00  0.0000E+00
  5.36  0.0000E+00  0.0000E+00  0.0000E+00
  5.37  0.0000E+00  0.0000E+00  0.0000E+00
  5.38  0.0000E+00  0.0000E+00  0.0000E+00
  5.39  0.0000E+00  0.0000E+00  0.0000E+00
  5.40  0.0000E+00  0.0000E+00  0.0000E+00
  5.41  0.0000E+00  0.0000E+00  0.0000E+00
  5.42  0.0000E+00  0.0000E+00  0.0000E+00
  5.43  0.0000E+00  0.0000E+00  0.0000E+00
  5.44  0.0000E+00  0.0000E+00  0.0000E+00
  5.45  0.0000E+00  0.0000E+00  0.0000E+00
  5.46  0.0000E+00  0.0000E+00  0.0000E+00
  5.47  0.0000E+00  0.0000E+00  0.0000E+00
  5.48  0.0000E+00  0.0000E+00  0.0000E+00
  5.49  0.0000E+00  0.0000E+00  0.0000E+00
  5.50  0.0000E+00  0.0000E+00  0.0000E+00
  5.51  0.0000E+00  0.0000E+00  0.0000E+00
  5.52  0.0000E+00  0.0000E+00  0.0000E+00
  5.53  0.0000E+00  0.0000E+00  0.0000E+00
  5.54  0.0000E+00  0.0000E+00  0.0000E+00
  5.55  0.0000E+00  0.0000E+00  0.0000E+00
  5.56  0.0000E+00  0.0000E+00  0.0000E+00
  5.57  0.0000E+00  0.0000E+00  0.0000E+00
  5.58  0.0000E+00  0.0000E+00  0.0000E+00
  5.59  0.0000E+00  0.0000E+00  0.0000E+00
  5.60  0.0000E+00  0.0000E+00  0.0000E+00
  5.61  0.0000E+00  0.0000E+00  0.0000E+00
  5.62  0.0000E+00  0.0000E+00  0.0000E+00
  5.63  0.0000E+00  0.0000E+00  0.0000E+00
  5.64  0.0000E+00  0.0000E+00  0.0000E+00
  5.65  0.0000E+00  0.0000E+00  0.0000E+00
  5.66  0.0000E+00  0.0000E+00  0.0000E+00
  5.67  0.0000E+00  0.0000E+00  0.0000E+00
  5.68  0.0000E+00  0.0000E+00  0.0000E+00
  5.69  0.0000E+00  0.0000E+00  0.0000E+00
  5.70  0.0000E+00  0.0000E+00  0.0000E+00
  5.71  0.0000E+00  0.0000E+00  0.0000E+00
  5.72  0.0000E+00  0.0000E+00  0.0000E+00
  5.73  0.0000E+00  0.0000E+00  0.0000E+00
  5.74  0.0000E+00  0.0000E+00  0.0000E+00
  5.75  0.0000E+00  0.0000E+00  0.0000E+00
  5.76  0.0000E+00  0.0000E+00  0.0000E+00
  5.77  0.0000E+00  0.0000E+00  0.0000E+00
  5.78  0.0000E+00  0.0000E+00  0.0000E+00
  5.79  0.0000E+00  0.0000E+00  0.0000E+00
  5.80  0.0000E+00  0.0000E+00  0.0000E+00
  5.81  0.0000E+00  0.0000E+00  0.0000E+00
  5.82  0.0000E+00  0.0000E+00  0.0000E+00
  5.83  0.0000E+00  0.0000E+00  0.0000E+00
  5.84  0.0000E+00  0.0000E+00  0.0000E+00
  5.85  0.0000E+00  0.0000E+00  0.0000E+00
  5.86  0.0000E+00  0.0000E+00  0.0000E+00
  5.87  0.0000E+00  0.0000E+00  0.0000E+00
  5.88  0.0000E+00  0.0000E+00  0.0000E+00
  5.89  0.0000E+00  0.0000E+00  0.0000E+00
  5.90  0.0000E+00  0.0000E+00  0.0000E+00
  5.91  0.0000E+00  0.0000E+00  0.0000E+00
  5.92  0.0000E+00  0.0000E+00  0.0000E+00
  5.93  0.0000E+00  0.0000E+00  0.0000E+00
  5.94  0.0000E+00  0.0000E+00  0.0000E+00
  5.95  0.0000E+00  0.0000E+00  0.0000E+00
  5.96  0.0000E+00  0.0000E+00  0.0000E+00
  5.97  0.0000E+00  0.0000E+00  0.0000E+00
  5.98  0.0000E+00  0.0000E+00  0.0000E+00
  5.99  0.0000E+00  0.0000E+00  0.0000E+00
  6.00  0.0000E+00  0.0000E+00  0.0000E+00
  6.01  0.0000E+00  0.0000E+00  0.0000E+00
  6.02  0.0000E+00  0.0000E+00  0.0000E+00
  6.03  0.0000E+00  0.0000E+00  0.0000E+00
  6.04  0.0000E+00  0.0000E+00  0.0000E+00
  6.05  0.0000E+00  0.0000E+00  0.0000E+00
  6.06  0.0000E+00  0.0000E+00  0.0000E+00
  6.07  0.0000E+00  0.0000E+00  0.0000E+00
  6.08  0.0000E+00  0.0000E+00  0.0000E+00
  6.09  0.0000E+00  0.0000E+00  0.0000E+00
  6.10  0.0000E+00  0.0000E+00  0.0000E+00
  6.11  0.0000E+00  0.0000E+00  0.0000E+00
  6.12  0.0000E+00  0.0000E+00  0.0000E+00
  6.13  0.0000E+00  0.0000E+00  0.0000E+00
  6.14  0.0000E+00  0.0000E+00  0.0000E+00
  6.15  0.0000E+00  0.0000E+00  0.0000E+00
  6.16  0.0000E+00  0.0000E+00  0.0000E+00
  6.17  0.0000E+00  0.0000E+00  0.0000E+00
  6.18  0.0000E+00  0.0000E+00  0.0000E+00
  6.19  0.0000E+00  0.0000E+00  0.0000E+00
  6.20  0.0000E+00  0.0000E+00  0.0000E+00
  6.21  0.0000E+00  0.0000E+00  0.0000E+00
  6.22  0.0000E+00  0.0000E+00  0.0000E+00
  6.23  0.0000E+00  0.0000E+00  0.0000E+00
  6.24  0.0000E+00  0.0000E+00  0.0000E+00
  6.25  0.0000E+00  0.0000E+00  0.0000E+00
  6.26  0.0000E+00  0.0000E+00  0.0000E+00
  6.27  0.0000E+00  0.0000E+00  0.0000E+00
  6.28  0.0000E+00  0.0000E+00  0.0000E+00
  6.29  0.0000E+00  0.0000E+00  0.0000E+00
  6.30  0.0000E+00  0.0000E+00  0.0000E+00
  6.31  0.0000E+00  0.0000E+00  0.0000E+00
  6.32  0.0000E+00  0.0000E+00  0.0000E+00
  6.33  0.0000E+00  0.0000E+00  0.0000E+00
  6.34  0.0000E+00  0.0000E+00  0.0000E+00
  6.35  0.0000E+00  0.0000E+00  0.0000E+00
  6.36  0.0000E+00  0.0000E+00  0.0000E+00
  6.37  0.0000E+00  0.0000E+00  0.0000E+00
  6.38  0.0000E+00  0.0000E+00  0.0000E+00
  6.39  0.0000E+00  0.0000E+00  0.0000E+00
  6.40  0.0000E+00  0.0000E+00  0.0000E+00
  6.41  0.0000E+00  0.0000E+00  0.0000E+00
  6.42  0.0000E+00  0.0000E+00  0.0000E+00
  6.43  0.0000E+00  0.0000E+00  0.0000E+00
  6.44  0.0000E+00  0.0000E+00  0.0000E+00
  6.45  0.0000E+00  0.0000E+00  0.0000E+00
  6.46  0.0000E+00  0.0000E+00  0.0000E+00
  6.47  0.0000E+00  0.0000E+00  0.0000E+00
  6.48  0.0000E+00  0.0000E+00  0.0000E+00
  6.49  0.0000E+00  0.0000E+00  0.0000E+00
  6.50  0.0000E+00  0.0000E+00  0.0000E+00
  6.51  0.0000E+00  0.0000E+00  0.0000E+00
  6.52  0.0000E+00  0.0000E+00  0.0000E+00
  6.53  0.0000E+00  0.0000E+00  0.0000E+00
  6.54  0.0000E+00  0.0000E+00  0.0000E+00
  6.55  0.0000E+00  0.0000E+00  0.0000E+00
  6.56  0.0000E+00  0.0000E+00  0.0000E+00
  6.57  0.0000E+00  0.0000E+00  0.0000E+00
  6.58  0.0000E+00  0.0000E+00  0.0000E+00
  6.59  0.0000E+00  0.0000E+00  0.0000E+00
  6.60  0.0000E+00  0.0000E+00  0.0000E+00
  6.61  0.0000E+00  0.0000E+00  0.0000E+00
  6.62  0.0000E+00  0.0000E+00  0.0000E+00
  6.63  0.0000E+00  0.0000E+00  0.0000E+00
  6.64  0.0000E+00  0.0000E+00  0.0000E+00
  6.65  0.0000E+00  0.0000E+00  0.0000E+00
  6.66  0.0000E+00  0.0000E+00  0.0000E+00
  6.67  0.0000E+00  0.0000E+00  0.0000E+00
  6.68  0.0000E+00  0.0000E+00  0.0000E+00
  6.69  0.0000E+00  0.0000E+00  0.0000E+00
  6.70  0.0000E+00  0.0000E+00  0.0000E+00
  6.71  0.0000E+00  0.0000E+00  0.0000E+00
  6.72  0.0000E+00  0.0000E+00  0.0000E+00
  6.73  0.0000E+00  0.0000E+00  0.0000E+00
  6.74  0.0000E+00  0.0000E+00  0.0000E+00
  6.75  0.0000E+00  0.0000E+00  0.0000E+00
  6.76  0.0000E+00  0.0000E+00  0.0000E+00
  6.77  0.0000E+00  0.0000E+00  0.0000E+00
  6.78  0.0000E+00  0.0000E+00  0.0000E+00
  6.79  0.0000E+00  0.0000E+00  0.0000E+00
  6.80  0.0000E+00  0.0000E+00  0.0000E+00
  6.81  0.0000E+00  0.0000E+00  0.0000E+00
  6.82  0.0000E+00  0.0000E+00  0.0000E+00
  6.83  0.0000E+00  0.0000E+00  0.0000E+00
  6.84  0.0000E+00  0.0000E+00  0.0000E+00
  6.85  0.0000E+00  0.0000E+00  0.0000E+00
  6.86  0.0000E+00  0.0000E+00  0.0000E+00
  6.87  0.0000E+00  0.0000E+00  0.0000E+00
  6.88  0.0000E+00  0.0000E+00  0.0000E+00
  6.89  0.0000E+00  0.0000E+00  0.0000E+00
  6.90  0.0000E+00  0.0000E+00  0.0000E+00
  6.91  0.0000E+00  0.0000E+00  0.0000E+00
  6.92  0.0000E+00  0.0000E+00  0.0000E+00
  6.93  0.0000E+00  0.0000E+00  0.0000E+00
  6.94  0.0000E+00  0.0000E+00  0.0000E+00
  6.95  0.0000E+00  0.0000E+00  0.0000E+00
  6.96  0.0000E+00  0.0000E+00  0.0000E+00
  6.97  0.0000E+00  0.0000E+00  0.0000E+00
  6.98  0.0000E+00  0.0000E+00  0.0000E+00
  6.99  0.0000E+00  0.0000E+00  0.0000E+00
  7.00  0.0000E+00  0.0000E+00  0.0000E+00
  7.01  0.0000E+00  0.0000E+00  0.0000E+00
  7.02  0.0000E+00  0.0000E+00  0.0000E+00
  7.03  0.0000E+00  0.0000E+00  0.0000E+00
  7.04  0.0000E+00  0.0000E+00  0.0000E+00
  7.05  0.0000E+00  0.0000E+00  0.0000E+00
  7.06  0.0000E+00  0.0000E+00  0.0000E+00
  7.07  0.0000E+00  0.0000E+00  0.0000E+00
  7.08  0.0000E+00  0.0000E+00  0.0000E+00
  7.09  0.0000E+00  0.0000E+00  0.0000E+00
  7.10  0.0000E+00  0.0000E+00  0.0000E+00
  7.11  0.0000E+00  0.0000E+00  0.0000E+00
  7.12  0.0000E+00  0.0000E+00  0.0000E+00
  7.13  0.0000E+00  0.0000E+00  0.0000E+00
  7.14  0.0000E+00  0.0000E+00  0.0000E+00
  7.15  0.0000E+00  0.0000E+00  0.0000E+00
  7.16  0.0000E+00  0.0000E+00  0.0000E+00
  7.17  0.0000E+00  0.0000E+00  0.0000E+00
  7.18  0.0000E+00  0.0000E+00  0.0000E+00
  7.19  0.0000E+00  0.0000E+00  0.0000E+00
  7.20  0.0000E+00  0.0000E+00  0.0000E+00
  7.21  0.0000E+00  0.0000E+00  0.0000E+00
  7.22  0.0000E+00  0.0000E+00  0.0000E+00
  7.23  0.0000E+00  0.0000E+00  0.0000E+00
  7.24  0.0000E+00  0.0000E+00  0.0000E+00
  7.25  0.0000E+00  0.0000E+00  0.0000E+00
  7.26  0.0000E+00  0.0000E+00  0.0000E+00
  7.27  0.0000E+00  0.0000E+00  0.0000E+00
  7.28  0.0000E+00  0.0000E+00  0.0000E+00
  7.29  0.0000E+00  0.0000E+00  0.0000E+00
  7.30  0.0000E+00  0.0000E+00  0.0000E+00
  7.31  0.0000E+00  0.0000E+00  0.0000E+00
  7.32  0.0000E+00  0.0000E+00  0.0000E+00
  7.33  0.0000E+00  0.0000E+00  0.0000E+00
  7.34  0.0000E+00  0.0000E+00  0.0000E+00
  7.35  0.0000E+00  0.0000E+00  0.0000E+00
  7.36  0.0000E+00  0.0000E+00  0.0000E+00
  7.37  0.0000E+00  0.0000E+00  0.0000E+00
  7.38  0.0000E+00  0.0000E+00  0.0000E+00
  7.39  0.0000E+00  0.0000E+00  0.0000E+00
  7.40  0.0000E+00  0.0000E+00  0.0000E+00
  7.41  0.0000E+00  0.0000E+00  0.0000E+00
  7.42  0.0000E+00  0.0000E+00  0.0000E+00
  7.43  0.0000E+00  0.0000E+00  0.0000E+00
  7.44  0.0000E+00  0.0000E+00  0.0000E+00
  7.45  0.0000E+00  0.0000E+00  0.0000E+00
  7.46  0.0000E+00  0.0000E+00  0.0000E+00
  7.47  0.0000E+00  0.0000E+00  0.0000E+00
  7.48  0.0000E+00  0.0000E+00  0.0000E+00
  7.49  0.0000E+00  0.0000E+00  0.0000E+00
  7.50  0.0000E+00  0.0000E+00  0.0000E+00
  7.51  0.0000E+00  0.0000E+00  0.0000E+00
  7.52  0.0000E+00  0.0000E+00  0.0000E+00
  7.53  0.0000E+00  0.0000E+00  0.0000E+00
  7.54  0.0000E+00  0.0000E+00  0.0000E+00
  7.55  0.0000E+00  0.0000E+00  0.0000E+00
  7.56  0.0000E+00  0.0000E+00  0.0000E+00
  7.57  0.0000E+00  0.0000E+00  0.0000E+00
  7.58  0.0000E+00  0.0000E+00  0.0000E+00
  7.59  0.0000E+00  0.0000E+00  0.0000E+00
  7.60  0.0000E+00  0.0000E+00  0.0000E+00
  7.61  0.0000E+00  0.0000E+00  0.0000E+00
  7.62  0.0000E+00  0.0000E+00  0.0000E+00
  7.63  0.0000E+00  0.0000E+00  0.0000E+00
  7.64  0.0000E+00  0.0000E+00  0.0000E+00
  7.65  0.0000E+00  0.0000E+00  0.0000E+00
  7.66  0.0000E+00  0.0000E+00  0.0000E+00
  7.67  0.0000E+00  0.0000E+00  0.0000E+00
  7.68  0.0000E+00  0.0000E+00  0.0000E+00
  7.69  0.0000E+00  0.0000E+00  0.0000E+00
  7.70  0.0000E+00  0.0000E+00  0.0000E+00
  7.71  0.0000E+00  0.0000E+00  0.0000E+00
  7.72  0.0000E+00  0.0000E+00  0.0000E+00
  7.73  0.0000E+00  0.0000E+00  0.0000E+00
  7.74  0.0000E+00  0.0000E+00  0.0000E+00
  7.75  0.0000E+00  0.0000E+00  0.0000E+00
  7.76  0.0000E+00  0.0000E+00  0.0000E+00
  7.77  0.0000E+00  0.0000E+00  0.0000E+00
  7.78  0.0000E+00  0.0000E+00  0.0000E+00
  7.79  0.0000E+00  0.0000E+00  0.0000E+00
  7.80  0.0000E+00  0.0000E+00  0.0000E+00
  7.81  0.0000E+00  0.0000E+00  0.0000E+00
  7.82  0.0000E+00  0.0000E+00  0.0000E+00
  7.83  0.0000E+00  0.0000E+00  0.0000E+00
  7.84  0.0000E+00  0.0000E+00  0.0000E+00
  7.85  0.0000E+00  0.0000E+00  0.0000E+00
  7.86  0.0000E+00  0.0000E+00  0.0000E+00
  7.87  0.0000E+00  0.0000E+00  0.0000E+00
  7.88  0.0000E+00  0.0000E+00  0.0000E+00
  7.89  0.0000E+00  0.0000E+00  0.0000E+00
  7.90  0.0000E+00  0.0000E+00  0.0000E+00
  7.91  0.0000E+00  0.0000E+00  0.0000E+00
  7.92  0.0000E+00  0.0000E+00  0.0000E+00
  7.93  0.0000E+00  0.0000E+00  0.0000E+00
  7.94  0.0000E+00  0.0000E+00  0.0000E+00
  7.95  0.0000E+00  0.0000E+00  0.0000E+00
  7.96  0.0000E+00  0.0000E+00  0.0000E+00
  7.97  0.0000E+00  0.0000E+00  0.0000E+00
  7.98  0.0000E+00  0.0000E+00  0.0000E+00
  7.99  0.0000E+00  0.0000E+00  0.0000E+00
  8.00  0.0000E+00  0.0000E+00  0.0000E+00
  8.01  0.0000E+00  0.0000E+00  0.0000E+00
  8.02  0.0000E+00  0.0000E+00  0.0000E+00
  8.03  0.0000E+00  0.0000E+00  0.0000E+00
  8.04  0.0000E+00  0.0000E+00  0.0000E+00
  8.05  0.0000E+00  0.0000E+00  0.0000E+00
  8.06  0.0000E+00  0.0000E+00  0.0000E+00
  8.07  0.0000E+00  0.0000E+00  0.0000E+00
  8.08  0.0000E+00  0.0000E+00  0.0000E+00
  8.09  0.0000E+00  0.0000E+00  0.0000E+00
  8.10  0.0000E+00  0.0000E+00  0.0000E+00
  8.11  0.0000E+00  0.0000E+00  0.0000E+00
  8.12  0.0000E+00  0.0000E+00  0.0000E+00
  8.13  0.0000E+00  0.0000E+00  0.0000E+00
  8.14  0.0000E+00  0.0000E+00  0.0000E+00
  8.15  0.0000E+00  0.0000E+00  0.0000E+00
  8.16  0.0000E+00  0.0000E+00  0.0000E+00
  8.17  0.0000E+00  0.0000E+00  0.0000E+00
  8.18  0.0000E+00  0.0000E+00  0.0000E+00
  8.19  0.0000E+00  0.0000E+00  0.0000E+00
  8.20  0.0000E+00  0.0000E+00  0.0000E+00
  8.21  0.0000E+00  0.0000E+00  0.0000E+00
  8.22  0.0000E+00  0.0000E+00  0.0000E+00
  8.23  0.0000E+00  0.0000E+00  0.0000E+00
  8.24  0.0000E+00  0.0000E+00  0.0000E+00
  8.25  0.0000E+00  0.0000E+00  0.0000E+00
  8.26  0.0000E+00  0.0000E+00  0.0000E+00
  8.27  0.0000E+00  0.0000E+00  0.0000E+00
  8.28  0.0000E+00  0.0000E+00  0.0000E+00
  8.29  0.0000E+00  0.0000E+00  0.0000E+00
  8.30  0.0000E+00  0.0000E+00  0.0000E+00
  8.31  0.0000E+00  0.0000E+00  0.0000E+00
  8.32  0.0000E+00  0.0000E+00  0.0000E+00
  8.33  0.0000E+00  0.0000E+00  0.0000E+00
  8.34  0.0000E+00  0.0000E+00  0.0000E+00
  8.35  0.0000E+00  0.0000E+00  0.0000E+00
  8.36  0.0000E+00  0.0000E+00  0.0000E+00
  8.37  0.0000E+00  0.0000E+00  0.0000E+00
  8.38  0.0000E+00  0.0000E+00  0.0000E+00
  8.39  0.0000E+00  0.0000E+00  0.0000E+00
  8.40  0.0000E+00  0.0000E+00  0.0000E+00
  8.41  0.0000E+00  0.0000E+00  0.0000E+00
  8.42  0.0000E+00  0.0000E+00  0.0000E+00
  8.43  0.0000E+00  0.0000E+00  0.0000E+00
  8.44  0.0000E+00  0.0000E+00  0.0000E+00
  8.45  0.0000E+00  0.0000E+00  0.0000E+00
  8.46  0.0000E+00  0.0000E+00  0.0000E+00
  8.47  0.0000E+00  0.0000E+00  0.0000E+00
  8.48  0.0000E+00  0.0000E+00  0.0000E+00
  8.49  0.0000E+00  0.0000E+00  0.0000E+00
  8.50  0.0000E+00  0.0000E+00  0.0000E+00
  8.51  0.0000E+00  0.0000E+00  0.0000E+00
  8.52  0.0000E+00  0.0000E+00  0.0000E+00
  8.53  0.0000E+00  0.0000E+00  0.0000E+00
  8.54  0.0000E+00  0.0000E+00  0.0000E+00
  8.55  0.0000E+00  0.0000E+00  0.0000E+00
  8.56  0.0000E+00  0.0000E+00  0.0000E+00
  8.57  0.0000E+00  0.0000E+00  0.0000E+00
  8.58  0.0000E+00  0.0000E+00  0.0000E+00
  8.59  0.0000E+00  0.0000E+00  0.0000E+00
  8.60  0.0000E+00  0.0000E+00  0.0000E+00
  8.61  0.0000E+00  0.0000E+00  0.0000E+00
  8.62  0.0000E+00  0.0000E+00  0.0000E+00
  8.63  0.0000E+00  0.0000E+00  0.0000E+00
  8.64  0.0000E+00  0.0000E+00  0.0000E+00
  8.65  0.0000E+00  0.0000E+00  0.0000E+00
  8.66  0.0000E+00  0.0000E+00  0.0000E+00
  8.67  0.0000E+00  0.0000E+00  0.0000E+00
  8.68  0.0000E+00  0.0000E+00  0.0000E+00
  8.69  0.0000E+00  0.0000E+00  0.0000E+00
  8.70  0.0000E+00  0.0000E+00  0.0000E+00
  8.71  0.0000E+00  0.0000E+00  0.0000E+00
  8.72  0.0000E+00  0.0000E+00  0.0000E+00
  8.73  0.0000E+00  0.0000E+00  0.0000E+00
  8.74  0.0000E+00  0.0000E+00  0.0000E+00
  8.75  0.0000E+00  0.0000E+00  0.0000E+00
  8.76  0.0000E+00  0.0000E+00  0.0000E+00
  8.77  0.0000E+00  0.0000E+00  0.0000E+00
  8.78  0.0000E+00  0.0000E+00  0.0000E+00
  8.79  0.0000E+00  0.0000E+00  0.0000E+00
  8.80  0.0000E+00  0.0000E+00  0.0000E+00
  8.81  0.0000E+00  0.0000E+00  0.0000E+00
  8.82  0.0000E+00  0.0000E+00  0.0000E+00
  8.83  0.0000E+00  0.0000E+00  0.0000E+00
  8.84  0.0000E+00  0.0000E+00  0.0000E+00
  8.85  0.0000E+00  0.0000E+00  0.0000E+00
  8.86  0.0000E+00  0.0000E+00  0.0000E+00
  8.87  0.0000E+00  0.0000E+00  0.0000E+00
  8.88  0.0000E+00  0.0000E+00  0.0000E+00
  8.89  0.0000E+00  0.0000E+00  0.0000E+00
  8.90  0.0000E+00  0.0000E+00  0.0000E+00
  8.91  0.0000E+00  0.0000E+00  0.0000E+00
  8.92  0.0000E+00  0.0000E+00  0.0000E+00
  8.93  0.0000E+00  0.0000E+00  0.0000E+00
  8.94  0.0000E+00  0.0000E+00  0.0000E+00
  8.95  0.0000E+00  0.0000E+00  0.0000E+00
  8.96  0.0000E+00  0.0000E+00  0.0000E+00
  8.97  0.0000E+00  0.0000E+00  0.0000E+00
  8.98  0.0000E+00  0.0000E+00  0.0000E+00
  8.99  0.0000E+00  0.0000E+00  0.0000E+00
  9.00  0.0000E+00  0.0000E+00  0.0000E+00
  9.01  0.0000E+00  0.0000E+00  0.0000E+00
  9.02  0.0000E+00  0.0000E+00  0.0000E+00
  9.03  0.0000E+00  0.0000E+00  0.0000E+00
  9.04  0.0000E+00  0.0000E+00  0.0000E+00
  9.05  0.0000E+00  0.0000E+00  0.0000E+00
  9.06  0.0000E+00  0.0000E+00  0.0000E+00
  9.07  0.0000E+00  0.0000E+00  0.0000E+00
  9.08  0.0000E+00  0.0000E+00  0.0000E+00
  9.09  0.0000E+00  0.0000E+00  0.0000E+00
  9.10  0.0000E+00  0.0000E+00  0.0000E+00
  9.11  0.0000E+00  0.0000E+00  0.0000E+00
  9.12  0.0000E+00  0.0000E+00  0.0000E+00
  9.13  0.0000E+00  0.0000E+00  0.0000E+00
  9.14  0.0000E+00  0.0000E+00  0.0000E+00
  9.15  0.0000E+00  0.0000E+00  0.0000E+00
  9.16  0.0000E+00  0.0000E+00  0.0000E+00
  9.17  0.0000E+00  0.0000E+00  0.0000E+00
  9.18  0.0000E+00  0.0000E+00  0.0000E+00
  9.19  0.0000E+00  0.0000E+00  0.0000E+00
  9.20  0.0000E+00  0.0000E+00  0.0000E+00
  9.21  0.0000E+00  0.0000E+00  0.0000E+00
  9.22  0.0000E+00  0.0000E+00  0.0000E+00
  9.23  0.0000E+00  0.0000E+00  0.0000E+00
  9.24  0.0000E+00  0.0000E+00  0.0000E+00
  9.25  0.0000E+00  0.0000E+00  0.0000E+00
  9.26  0.0000E+00  0.0000E+00  0.0000E+00
  9.27  0.0000E+00  0.0000E+00  0.0000E+00
  9.28  0.0000E+00  0.0000E+00  0.0000E+00
  9.29  0.0000E+00  0.0000E+00  0.0000E+00
  9.30  0.0000E+00  0.0000E+00  0.0000E+00
  9.31  0.0000E+00  0.0000E+00  0.0000E+00
  9.32  0.0000E+00  0.0000E+00  0.0000E+00
  9.33  0.0000E+00  0.0000E+00  0.0000E+00
  9.34  0.0000E+00  0.0000E+00  0.0000E+00
  9.35  0.0000E+00  0.0000E+00  0.0000E+00
  9.36  0.0000E+00  0.0000E+00  0.0000E+00
  9.37  0.0000E+00  0.0000E+00  0.0000E+00
  9.38  0.0000E+00  0.0000E+00  0.0000E+00
  9.39  0.0000E+00  0.0000E+00  0.0000E+00
  9.40  0.0000E+00  0.0000E+00  0.0000E+00
  9.41  0.0000E+00  0.0000E+00  0.0000E+00
  9.42  0.0000E+00  0.0000E+00  0.0000E+00
  9.43  0.0000E+00  0.0000E+00  0.0000E+00
  9.44  0.0000E+00  0.0000E+00  0.0000E+00
  9.45  0.0000E+00  0.0000E+00  0.0000E+00
  9.46  0.0000E+00  0.0000E+00  0.0000E+00
  9.47  0.0000E+00  0.0000E+00  0.0000E+00
  9.48  0.0000E+00  0.0000E+00  0.0000E+00
  9.49  0.0000E+00  0.0000E+00  0.0000E+00
  9.50  0.0000E+00  0.0000E+00  0.0000E+00
  9.51  0.0000E+00  0.0000E+00  0.0000E+00
  9.52  0.0000E+00  0.0000E+00  0.0000E+00
  9.53  0.0000E+00  0.0000E+00  0.0000E+00
  9.54  0.0000E+00  0.0000E+00  0.0000E+00
  9.55  0.0000E+00  0.0000E+00  0.0000E+00
  9.56  0.0000E+00  0.0000E+00  0.0000E+00
  9.57  0.0000E+00  0.0000E+00  0.0000E+00
  9.58  0.0000E+00  0.0000E+00  0.0000E+00
  9.59  0.0000E+00  0.0000E+00  0.0000E+00
  9.60  0.0000E+00  0.0000E+00  0.0000E+00
  9.61  0.0000E+00  0.0000E+00  0.0000E+00
  9.62  0.0000E+00  0.0000E+00  0.0000E+00
  9.63  0.0000E+00  0.0000E+00  0.0000E+00
  9.64  0.0000E+00  0.0000E+00  0.0000E+00
  9.65  0.0000E+00  0.0000E+00  0.0000E+00
  9.66  0.0000E+00  0.0000E+00  0.0000E+00
  9.67  0.0000E+00  0.0000E+00  0.0000E+00
  9.68  0.0000E+00  0.0000E+00  0.0000E+00
  9.69  0.0000E+00  0.0000E+00  0.0000E+00
  9.70  0.0000E+00  0.0000E+00  0.0000E+00
  9.71  0.0000E+00  0.0000E+00  0.0000E+00
  9.72  0.0000E+00  0.0000E+00  0.0000E+00
  9.73  0.0000E+00  0.0000E+00  0.0000E+00
  9.74  0.0000E+00  0.0000E+00  0.0000E+00
  9.75  0.0000E+00  0.0000E+00  0.0000E+00
  9.76  0.0000E+00  0.0000E+00  0.0000E+00
  9.77  0.0000E+00  0.0000E+00  0.0000E+00
  9.78  0.0000E+00  0.0000E+00  0.0000E+00
  9.79  0.0000E+00  0.0000E+00  0.0000E+00
  9.80  0.0000E+00  0.0000E+00  0.0000E+00
  9.81  0.0000E+00  0.0000E+00  0.0000E+00
  9.82  0.0000E+00  0.0000E+00  0.0000E+00
  9.83  0.0000E+00  0.0000E+00  0.0000E+00
  9.84  0.0000E+00  0.0000E+00  0.0000E+00
  9.85  0.0000E+00  0.0000E+00  0.0000E+00
  9.86  0.0000E+00  0.0000E+00  0.0000E+00
  9.87  0.0000E+00  0.0000E+00  0.0000E+00
  9.88  0.0000E+00  0.0000E+00  0.0000E+00
  9.89  0.0000E+00  0.0000E+00  0.0000E+00
  9.90  0.0000E+00  0.0000E+00  0.0000E+00
  9.91  0.0000E+00  0.0000E+00  0.0000E+00
  9.92  0.0000E+00  0.0000E+00  0.0000E+00
  9.93  0.0000E+00  0.0000E+00  0.0000E+00
  9.94  0.0000E+00  0.0000E+00  0.0000E+00
  9.95  0.0000E+00  0.0000E+00  0.0000E+00
  9.96  0.0000E+00  0.0000E+00  0.0000E+00
  9.97  0.0000E+00  0.0000E+00  0.0000E+00
  9.98  0.0000E+00  0.0000E+00  0.0000E+00
  9.99  0.0000E+00  0.0000E+00  0.0000E+00
 10.00  0.0000E+00  0.0000E+00  0.0000E+00
 10.01  0.0000E+00  0.0000E+00  0.0000E+00
 10.02  0.0000E+00  0.0000E+00  0.0000E+00
 10.03  0.0000E+00  0.0000E+00  0.0000E+00
 10.04  0.0000E+00  0.0000E+00  0.0000E+00
 10.05  0.0000E+00  0.0000E+00  0.0000E+00
 10.06  0.0000E+00  0.0000E+00  0.0000E+00
 10.07  0.0000E+00  0.0000E+00  0.0000E+00
 10.08  0.0000E+00  0.0000E+00  0.0000E+00
 10.09  0.0000E+00  0.0000E+00  0.0000E+00
 10.10  0.0000E+00  0.0000E+00  0.0000E+00
 10.11  0.0000E+00  0.0000E+00  0.0000E+00
 10.12  0.0000E+00  0.0000E+00  0.0000E+00
 10.13  0.0000E+00  0.0000E+00  0.0000E+00
 10.14  0.0000E+00  0.0000E+00  0.0000E+00
 10.15  0.0000E+00  0.0000E+00  0.0000E+00
 10.16  0.0000E+00  0.0000E+00  0.0000E+00
 10.17  0.0000E+00  0.0000E+00  0.0000E+00
 10.18  0.0000E+00  0.0000E+00  0.0000E+00
 10.19  0.0000E+00  0.0000E+00  0.0000E+00
 10.20  0.0000E+00  0.0000E+00  0.0000E+00
 10.21  0.0000E+00  0.0000E+00  0.0000E+00
 10.22  0.0000E+00  0.0000E+00  0.0000E+00
 10.23  0.0000E+00  0.0000E+00  0.0000E+00
 10.24  0.0000E+00  0.0000E+00  0.0000E+00
 10.25  0.0000E+00  0.0000E+00  0.0000E+00
 10.26  0.0000E+00  0.0000E+00  0.0000E+00
 10.27  0.0000E+00  0.0000E+00  0.0000E+00
 10.28  0.0000E+00  0.0000E+00  0.0000E+00
 10.29  0.0000E+00  0.0000E+00  0.0000E+00
 10.30  0.0000E+00  0.0000E+00  0.0000E+00
 10.31  0.0000E+00  0.0000E+00  0.0000E+00
 10.32  0.0000E+00  0.0000E+00  0.0000E+00
 10.33  0.0000E+00  0.0000E+00  0.0000E+00
 10.34  0.0000E+00  0.0000E+00  0.0000E+00
 10.35  0.0000E+00  0.0000E+00  0.0000E+00
 10.36  0.0000E+00  0.0000E+00  0.0000E+00
 10.37  0.0000E+00  0.0000E+00  0.0000E+00
 10.38  0.0000E+00  0.0000E+00  0.0000E+00
 10.39  0.0000E+00  0.0000E+00  0.0000E+00
 10.40  0.0000E+00  0.0000E+00  0.0000E+00
 10.41  0.0000E+00  0.0000E+00  0.0000E+00
 10.42  0.0000E+00  0.0000E+00  0.0000E+00
 10.43  0.0000E+00  0.0000E+00  0.0000E+00
 10.44  0.0000E+00  0.0000E+00  0.0000E+00
 10.45  0.0000E+00  0.0000E+00  0.0000E+00
 10.46  0.0000E+00  0.0000E+00  0.0000E+00
 10.47  0.0000E+00  0.0000E+00  0.0000E+00
 10.48  0.0000E+00  0.0000E+00  0.0000E+00
 10.49  0.0000E+00  0.0000E+00  0.0000E+00
 10.50  0.0000E+00  0.0000E+00  0.0000E+00
 10.51  0.0000E+00  0.0000E+00  0.0000E+00
 10.52  0.0000E+00  0.0000E+00  0.0000E+00
 10.53  0.0000E+00  0.0000E+00  0.0000E+00
 10.54  0.0000E+00  0.0000E+00  0.0000E+00
 10.55  0.0000E+00  0.0000E+00  0.0000E+00
 10.56  0.0000E+00  0.0000E+00  0.0000E+00
 10.57  0.0000E+00  0.0000E+00  0.0000E+00
 10.58  0.0000E+00  0.0000E+00  0.0000E+00
 10.59  0.0000E+00  0.0000E+00  0.0000E+00
 10.60  0.0000E+00  0.0000E+00  0.0000E+00
 10.61  0.0000E+00  0.0000E+00  0.0000E+00
 10.62  0.0000E+00  0.0000E+00  0.0000E+00
 10.63  0.0000E+00  0.0000E+00  0.0000E+00
 10.64  0.0000E+00  0.0000E+00  0.0000E+00
 10.65  0.0000E+00  0.0000E+00  0.0000E+00
 10.66  0.0000E+00  0.0000E+00  0.0000E+00
 10.67  0.0000E+00  0.0000E+00  0.0000E+00
 10.68  0.0000E+00  0.0000E+00  0.0000E+00
 10.69  0.0000E+00  0.0000E+00  0.0000E+00
 10.70  0.0000E+00  0.0000E+00  0.0000E+00
 10.71  0.0000E+00  0.0000E+00  0.0000E+00
 10.72  0.0000E+00  0.0000E+00  0.0000E+00
 10.73  0.0000E+00  0.0000E+00  0.0000E+00
 10.74  0.0000E+00  0.0000E+00  0.0000E+00
 10.75  0.0000E+00  0.0000E+00  0.0000E+00
 10.76  0.0000E+00  0.0000E+00  0.0000E+00
 10.77  0.0000E+00  0.0000E+00  0.0000E+00
 10.78  0.0000E+00  0.0000E+00  0.0000E+00
 10.79  0.0000E+00  0.0000E+00  0.0000E+00
 10.80  0.0000E+00  0.0000E+00  0.0000E+00
 10.81  0.0000E+00  0.0000E+00  0.0000E+00
 10.82  0.0000E+00  0.0000E+00  0.0000E+00
 10.83  0.0000E+00  0.0000E+00  0.0000E+00
 10.84  0.0000E+00  0.0000E+00  0.0000E+00
 10.85  0.0000E+00  0.0000E+00  0.0000E+00
 10.86  0.0000E+00  0.0000E+00  0.0000E+00
 10.87  0.0000E+00  0.0000E+00  0.0000E+00
 10.88  0.0000E+00  0.0000E+00  0.0000E+00
 10.89  0.0000E+00  0.0000E+00  0.0000E+00
 10.90  0.0000E+00  0.0000E+00  0.0000E+00
 10.91  0.0000E+00  0.0000E+00  0.0000E+00
 10.92  0.0000E+00  0.0000E+00  0.0000E+00
 10.93  0.0000E+00  0.0000E+00  0.0000E+00
 10.94  0.0000E+00  0.0000E+00  0.0000E+00
 10.95  0.0000E+00  0.0000E+00  0.0000E+00
 10.96  0.0000E+00  0.0000E+00  0.0000E+00
 10.97  0.0000E+00  0.0000E+00  0.0000E+00
 10.98  0.0000E+00  0.0000E+00  0.0000E+00
 10.99  0.0000E+00  0.0000E+00  0.0000E+00
 11.00  0.0000E+00  0.0000E+00  0.0000E+00
 11.01  0.0000E+00  0.0000E+00  0.0000E+00
 11.02  0.0000E+00  0.0000E+00  0.0000E+00
 11.03  0.0000E+00  0.0000E+00  0.0000E+00
 11.04  0.0000E+00  0.0000E+00  0.0000E+00
 11.05  0.0000E+00  0.0000E+00  0.0000E+00
 11.06  0.0000E+00  0.0000E+00  0.0000E+00
 11.07  0.0000E+00  0.0000E+00  0.0000E+00
 11.08  0.0000E+00  0.0000E+00  0.0000E+00
 11.09  0.0000E+00  0.0000E+00  0.0000E+00
 11.10  0.0000E+00  0.0000E+00  0.0000E+00
 11.11  0.0000E+00  0.0000E+00  0.0000E+00
 11.12  0.0000E+00  0.0000E+00  0.0000E+00
 11.13  0.0000E+00  0.0000E+00  0.0000E+00
 11.14  0.0000E+00  0.0000E+00  0.0000E+00
 11.15  0.0000E+00  0.0000E+00  0.0000E+00
 11.16  0.0000E+00  0.0000E+00  0.0000E+00
 11.17  0.0000E+00  0.0000E+00  0.0000E+00
 11.18  0.0000E+00  0.0000E+00  0.0000E+00
 11.19  0.0000E+00  0.0000E+00  0.0000E+00
 11.20  0.0000E+00  0.0000E+00  0.0000E+00
 11.21  0.0000E+00  0.0000E+00  0.0000E+00
 11.22  0.0000E+00  0.0000E+00  0.0000E+00
 11.23  0.0000E+00  0.0000E+00  0.0000E+00
 11.24  0.0000E+00  0.0000E+00  0.0000E+00
 11.25  0.0000E+00  0.0000E+00  0.0000E+00
 11.26  0.0000E+00  0.0000E+00  0.0000E+00
 11.27  0.0000E+00  0.0000E+00  0.0000E+00
 11.28  0.0000E+00  0.0000E+00  0.0000E+00
 11.29  0.0000E+00  0.0000E+00  0.0000E+00
 11.30  0.0000E+00  0.0000E+00  0.0000E+00
 11.31  0.0000E+00  0.0000E+00  0.0000E+00
 11.32  0.0000E+00  0.0000E+00  0.0000E+00
 11.33  0.0000E+00  0.0000E+00  0.0000E+00
 11.34  0.0000E+00  0.0000E+00  0.0000E+00
 11.35  0.0000E+00  0.0000E+00  0.0000E+00
 11.36  0.0000E+00  0.0000E+00  0.0000E+00
 11.37  0.0000E+00  0.0000E+00  0.0000E+00
 11.38  0.0000E+00  0.0000E+00  0.0000E+00
 11.39  0.0000E+00  0.0000E+00  0.0000E+00
 11.40  0.0000E+00  0.0000E+00  0.0000E+00
 11.41  0.0000E+00  0.0000E+00  0.0000E+00
 11.42  0.0000E+00  0.0000E+00  0.0000E+00
 11.43  0.0000E+00  0.0000E+00  0.0000E+00
 11.44  0.0000E+00  0.0000E+00  0.0000E+00
 11.45  0.0000E+00  0.0000E+00  0.0000E+00
 11.46  0.0000E+00  0.0000E+00  0.0000E+00
 11.47  0.0000E+00  0.0000E+00  0.0000E+00
 11.48  0.0000E+00  0.0000E+00  0.0000E+00
 11.49  0.0000E+00  0.0000E+00  0.0000E+00
 11.50  0.0000E+00  0.0000E+00  0.0000E+00
 11.51  0.0000E+00  0.0000E+00  0.0000E+00
 11.52  0.0000E+00  0.0000E+00  0.0000E+00
 11.53  0.0000E+00  0.0000E+00  0.0000E+00
 11.54  0.0000E+00  0.0000E+00  0.0000E+00
 11.55  0.0000E+00  0.0000E+00  0.0000E+00
 11.56  0.0000E+00  0.0000E+00  0.0000E+00
 11.57  0.0000E+00  0.0000E+00  0.0000E+00
 11.58  0.0000E+00  0.0000E+00  0.0000E+00
 11.59  0.0000E+00  0.0000E+00  0.0000E+00
 11.60  0.0000E+00  0.0000E+00  0.0000E+00
 11.61  0.0000E+00  0.0000E+00  0.0000E+00
 11.62  0.0000E+00  0.0000E+00  0.0000E+00
 11.63  0.0000E+00  0.0000E+00  0.0000E+00
 11.64  0.0000E+00  0.0000E+00  0.0000E+00
 11.65  0.0000E+00  0.0000E+00  0.0000E+00
 11.66  0.0000E+00  0.0000E+00  0.0000E+00
 11.67  0.0000E+00  0.0000E+00  0.0000E+00
 11.68  0.0000E+00  0.0000E+00  0.0000E+00
 11.69  0.0000E+00  0.0000E+00  0.0000E+00
 11.70  0.0000E+00  0.0000E+00  0.0000E+00
 11.71  0.0000E+00  0.0000E+00  0.0000E+00
 11.72  0.0000E+00  0.0000E+00  0.0000E+00
 11.73  0.0000E+00  0.0000E+00  0.0000E+00
 11.74  0.0000E+00  0.0000E+00  0.0000E+00
 11.75  0.0000E+00  0.0000E+00  0.0000E+00
 11.76  0.0000E+00  0.0000E+00  0.0000E+00
 11.77  0.0000E+00  0.0000E+00  0.0000E+00
 11.78  0.0000E+00  0.0000E+00  0.0000E+00
 11.79  0.0000E+00  0.0000E+00  0.0000E+00
 11.80  0.0000E+00  0.0000E+00  0.0000E+00
 11.81  0.0000E+00  0.0000E+00  0.0000E+00
 11.82  0.0000E+00  0.0000E+00  0.0000E+00
 11.83  0.0000E+00  0.0000E+00  0.0000E+00
 11.84  0.0000E+00  0.0000E+00  0.0000E+00
 11.85  0.0000E+00  0.0000E+00  0.0000E+00
 11.86  0.0000E+00  0.0000E+00  0.0000E+00
 11.87  0.0000E+00  0.0000E+00  0.0000E+00
 11.88  0.0000E+00  0.0000E+00  0.0000E+00
 11.89  0.0000E+00  0.0000E+00  0.0000E+00
 11.90  0.0000E+00  0.0000E+00  0.0000E+00
 11.91  0.0000E+00  0.0000E+00  0.0000E+00
 11.92  0.0000E+00  0.0000E+00  0.0000E+00
 11.93  0.0000E+00  0.0000E+00  0.0000E+00
 11.94  0.0000E+00  0.0000E+00  0.0000E+00
 11.95  0.0000E+00  0.0000E+00  0.0000E+00
 11.96  0.0000E+00  0.0000E+00  0.0000E+00
 11.97  0.0000E+00  0.0000E+00  0.0000E+00
 11.98  0.0000E+00  0.0000E+00  0.0000E+00
 11.99  0.0000E+00  0.0000E+00  0.0000E+00
 12.00  0.0000E+00  0.0000E+00  0.0000E+00
 12.01  0.0000E+00  0.0000E+00  0.0000E+00
 12.02  0.0000E+00  0.0000E+00  0.0000E+00
 12.03  0.0000E+00  0.0000E+00  0.0000E+00
 12.04  0.0000E+00  0.0000E+00  0.0000E+00
 12.05  0.0000E+00  0.0000E+00  0.0000E+00
 12.06  0.0000E+00  0.0000E+00  0.0000E+00
 12.07  0.0000E+00  0.0000E+00  0.0000E+00
 12.08  0.0000E+00  0.0000E+00  0.0000E+00
 12.09  0.0000E+00  0.0000E+00  0.0000E+00
 12.10  0.0000E+00  0.0000E+00  0.0000E+00
 12.11  0.0000E+00  0.0000E+00  0.0000E+00
 12.12  0.0000E+00  0.0000E+00  0.0000E+00
 12.13  0.0000E+00  0.0000E+00  0.0000E+00
 12.14  0.0000E+00  0.0000E+00  0.0000E+00
 12.15  0.0000E+00  0.0000E+00  0.0000E+00
 12.16  0.0000E+00  0.0000E+00  0.0000E+00
 12.17  0.0000E+00  0.0000E+00  0.0000E+00
 12.18  0.0000E+00  0.0000E+00  0.0000E+00
 12.19  0.0000E+00  0.0000E+00  0.0000E+00
 12.20  0.0000E+00  0.0000E+00  0.0000E+00
 12.21  0.0000E+00  0.0000E+00  0.0000E+00
 12.22  0.0000E+00  0.0000E+00  0.0000E+00
 12.23  0.0000E+00  0.0000E+00  0.0000E+00
 12.24  0.0000E+00  0.0000E+00  0.0000E+00
 12.25  0.0000E+00  0.0000E+00  0.0000E+00
 12.26  0.0000E+00  0.0000E+00  0.0000E+00
 12.27  0.0000E+00  0.0000E+00  0.0000E+00
 12.28  0.0000E+00  0.0000E+00  0.0000E+00
 12.29  0.0000E+00  0.0000E+00  0.0000E+00
 12.30  0.0000E+00  0.0000E+00  0.0000E+00
 12.31  0.0000E+00  0.0000E+00  0.0000E+00
 12.32  0.0000E+00  0.0000E+00  0.0000E+00
 12.33  0.0000E+00  0.0000E+00  0.0000E+00
 12.34  0.0000E+00  0.0000E+00  0.0000E+00
 12.35  0.0000E+00  0.0000E+00  0.0000E+00
 12.36  0.0000E+00  0.0000E+00  0.0000E+00
 12.37  0.0000E+00  0.0000E+00  0.0000E+00
 12.38  0.0000E+00  0.0000E+00  0.0000E+00
 12.39  0.0000E+00  0.0000E+00  0.0000E+00
 12.40  0.0000E+00  0.0000E+00  0.0000E+00
 12.41  0.0000E+00  0.0000E+00  0.0000E+00
 12.42  0.0000E+00  0.0000E+00  0.0000E+00
 12.43  0.0000E+00  0.0000E+00  0.0000E+00
 12.44  0.0000E+00  0.0000E+00  0.0000E+00
 12.45  0.0000E+00  0.0000E+00  0.0000E+00
 12.46  0.0000E+00  0.0000E+00  0.0000E+00
 12.47  0.0000E+00  0.0000E+00  0.0000E+00
 12.48  0.0000E+00  0.0000E+00  0.0000E+00
 12.49  0.0000E+00  0.0000E+00  0.0000E+00
 12.50  0.0000E+00  0.0000E+00  0.0000E+00
 12.51  0.0000E+00  0.0000E+00  0.0000E+00
 12.52  0.0000E+00  0.0000E+00  0.0000E+00
 12.53  0.0000E+00  0.0000E+00  0.0000E+00
 12.54  0.0000E+00  0.0000E+00  0.0000E+00
 12.55  0.0000E+00  0.0000E+00  0.0000E+00
 12.56  0.0000E+00  0.0000E+00  0.0000E+00
 12.57  0.0000E+00  0.0000E+00  0.0000E+00
 12.58  0.0000E+00  0.0000E+00  0.0000E+00
 12.59  0.0000E+00  0.0000E+00  0.0000E+00
 12.60  0.0000E+00  0.0000E+00  0.0000E+00
 12.61  0.0000E+00  0.0000E+00  0.0000E+00
 12.62  0.0000E+00  0.0000E+00  0.0000E+00
 12.63  0.0000E+00  0.0000E+00  0.0000E+00
 12.64  0.0000E+00  0.0000E+00  0.0000E+00
 12.65  0.0000E+00  0.0000E+00  0.0000E+00
 12.66  0.0000E+00  0.0000E+00  0.0000E+00
 12.67  0.0000E+00  0.0000E+00  0.0000E+00
 12.68  0.0000E+00  0.0000E+00  0.0000E+00
 12.69  0.0000E+00  0.0000E+00  0.0000E+00
 12.70  0.0000E+00  0.0000E+00  0.0000E+00
 12.71  0.0000E+00  0.0000E+00  0.0000E+00
 12.72  0.0000E+00  0.0000E+00  0.0000E+00
 12.73  0.0000E+00  0.0000E+00  0.0000E+00
 12.74  0.0000E+00  0.0000E+00  0.0000E+00
 12.75  0.0000E+00  0.0000E+00  0.0000E+00
 12.76  0.0000E+00  0.0000E+00  0.0000E+00
 12.77  0.0000E+00  0.0000E+00  0.0000E+00
 12.78  0.0000E+00  0.0000E+00  0.0000E+00
 12.79  0.0000E+00  0.0000E+00  0.0000E+00
 12.80  0.0000E+00  0.0000E+00  0.0000E+00
 12.81  0.0000E+00  0.0000E+00  0.0000E+00
 12.82  0.0000E+00  0.0000E+00  0.0000E+00
 12.83  0.0000E+00  0.0000E+00  0.0000E+00
 12.84  0.0000E+00  0.0000E+00  0.0000E+00
 12.85  0.0000E+00  0.0000E+00  0.0000E+00
 12.86  0.0000E+00  0.0000E+00  0.0000E+00
 12.87  0.0000E+00  0.0000E+00  0.0000E+00
 12.88  0.0000E+00  0.0000E+00  0.0000E+00
 12.89  0.0000E+00  0.0000E+00  0.0000E+00
 12.90  0.0000E+00  0.0000E+00  0.0000E+00
 12.91  0.0000E+00  0.0000E+00  0.0000E+00
 12.92  0.0000E+00  0.0000E+00  0.0000E+00
 12.93  0.0000E+00  0.0000E+00  0.0000E+00
 12.94  0.0000E+00  0.0000E+00  0.0000E+00
 12.95  0.0000E+00  0.0000E+00  0.0000E+00
 12.96  0.0000E+00  0.0000E+00  0.0000E+00
 12.97  0.0000E+00  0.0000E+00  0.0000E+00
 12.98  0.0000E+00  0.0000E+00  0.0000E+00
 12.99  0.0000E+00  0.0000E+00  0.0000E+00
 13.00  0.0000E+00  0.0000E+00  0.0000E+00
 13.01  0.0000E+00  0.0000E+00  0.0000E+00
 13.02  0.0000E+00  0.0000E+00  0.0000E+00
 13.03  0.0000E+00  0.0000E+00  0.0000E+00
 13.04  0.0000E+00  0.0000E+00  0.0000E+00
 13.05  0.0000E+00  0.0000E+00  0.0000E+00
 13.06  0.0000E+00  0.0000E+00  0.0000E+00
 13.07  0.0000E+00  0.0000E+00  0.0000E+00
 13.08  0.0000E+00  0.0000E+00  0.0000E+00
 13.09  0.0000E+00  0.0000E+00  0.0000E+00
 13.10  0.0000E+00  0.0000E+00  0.0000E+00
 13.11  0.0000E+00  0.0000E+00  0.0000E+00
 13.12  0.0000E+00  0.0000E+00  0.0000E+00
 13.13  0.0000E+00  0.0000E+00  0.0000E+00
 13.14  0.0000E+00  0.0000E+00  0.0000E+00
 13.15  0.0000E+00  0.0000E+00  0.0000E+00
 13.16  0.0000E+00  0.0000E+00  0.0000E+00
 13.17  0.0000E+00  0.0000E+00  0.0000E+00
 13.18  0.0000E+00  0.0000E+00  0.0000E+00
 13.19  0.0000E+00  0.0000E+00  0.0000E+00
 13.20  0.0000E+00  0.0000E+00  0.0000E+00
 13.21  0.0000E+00  0.0000E+00  0.0000E+00
 13.22  0.0000E+00  0.0000E+00  0.0000E+00
 13.23  0.0000E+00  0.0000E+00  0.0000E+00
 13.24  0.0000E+00  0.0000E+00  0.0000E+00
 13.25  0.0000E+00  0.0000E+00  0.0000E+00
 13.26  0.0000E+00  0.0000E+00  0.0000E+00
 13.27  0.0000E+00  0.0000E+00  0.0000E+00
 13.28  0.0000E+00  0.0000E+00  0.0000E+00
 13.29  0.0000E+00  0.0000E+00  0.0000E+00
 13.30  0.0000E+00  0.0000E+00  0.0000E+00
 13.31  0.0000E+00  0.0000E+00  0.0000E+00
 13.32  0.0000E+00  0.0000E+00  0.0000E+00
 13.33  0.0000E+00  0.0000E+00  0.0000E+00
 13.34  0.0000E+00  0.0000E+00  0.0000E+00
 13.35  0.0000E+00  0.0000E+00  0.0000E+00
 13.36  0.0000E+00  0.0000E+00  0.0000E+00
 13.37  0.0000E+00  0.0000E+00  0.0000E+00
 13.38  0.0000E+00  0.0000E+00  0.0000E+00
 13.39  0.0000E+00  0.0000E+00  0.0000E+00
 13.40  0.0000E+00  0.0000E+00  0.0000E+00
 13.41  0.0000E+00  0.0000E+00  0.0000E+00
 13.42  0.0000E+00  0.0000E+00  0.0000E+00
 13.43  0.0000E+00  0.0000E+00  0.0000E+00
 13.44  0.0000E+00  0.0000E+00  0.0000E+00
 13.45  0.0000E+00  0.0000E+00  0.0000E+00
 13.46  0.0000E+00  0.0000E+00  0.0000E+00
 13.47  0.0000E+00  0.0000E+00  0.0000E+00
 13.48  0.0000E+00  0.0000E+00  0.0000E+00
 13.49  0.0000E+00  0.0000E+00  0.0000E+00
 13.50  0.0000E+00  0.0000E+00  0.0000E+00
 13.51  0.0000E+00  0.0000E+00  0.0000E+00
 13.52  0.0000E+00  0.0000E+00  0.0000E+00
 13.53  0.0000E+00  0.0000E+00  0.0000E+00
 13.54  0.0000E+00  0.0000E+00  0.0000E+00
 13.55  0.0000E+00  0.0000E+00  0.0000E+00
 13.56  0.0000E+00  0.0000E+00  0.0000E+00
 13.57  0.0000E+00  0.0000E+00  0.0000E+00
 13.58  0.0000E+00  0.0000E+00  0.0000E+00
 13.59  0.0000E+00  0.0000E+00  0.0000E+00
 13.60  0.0000E+00  0.0000E+00  0.0000E+00
 13.61  0.0000E+00  0.0000E+00  0.0000E+00
 13.62  0.0000E+00  0.0000E+00  0.0000E+00
 13.63  0.0000E+00  0.0000E+00  0.0000E+00
 13.64  0.0000E+00  0.0000E+00  0.0000E+00
 13.65  0.0000E+00  0.0000E+00  0.0000E+00
 13.66  0.0000E+00  0.0000E+00  0.0000E+00
 13.67  0.0000E+00  0.0000E+00  0.0000E+00
 13.68  0.0000E+00  0.0000E+00  0.0000E+00
 13.69  0.0000E+00  0.0000E+00  0.0000E+00
 13.70  0.0000E+00  0.0000E+00  0.0000E+00
 13.71  0.0000E+00  0.0000E+00  0.0000E+00
 13.72  0.0000E+00  0.0000E+00  0.0000E+00
 13.73  0.0000E+00  0.0000E+00  0.0000E+00
 13.74  0.0000E+00  0.0000E+00  0.0000E+00
 13.75  0.0000E+00  0.0000E+00  0.0000E+00
 13.76  0.0000E+00  0.0000E+00  0.0000E+00
 13.77  0.0000E+00  0.0000E+00  0.0000E+00
 13.78  0.0000E+00  0.0000E+00  0.0000E+00
 13.79  0.0000E+00  0.0000E+00  0.0000E+00
 13.80  0.0000E+00  0.0000E+00  0.0000E+00
 13.81  0.0000E+00  0.0000E+00  0.0000E+00
 13.82  0.0000E+00  0.0000E+00  0.0000E+00
 13.83  0.0000E+00  0.0000E+00  0.0000E+00
 13.84  0.0000E+00  0.0000E+00  0.0000E+00
 13.85  0.0000E+00  0.0000E+00  0.0000E+00
 13.86  0.0000E+00  0.0000E+00  0.0000E+00
 13.87  0.0000E+00  0.0000E+00  0.0000E+00
 13.88  0.0000E+00  0.0000E+00  0.0000E+00
 13.89  0.0000E+00  0.0000E+00  0.0000E+00
 13.90  0.0000E+00  0.0000E+00  0.0000E+00
 13.91  0.0000E+00  0.0000E+00  0.0000E+00
 13.92  0.0000E+00  0.0000E+00  0.0000E+00
 13.93  0.0000E+00  0.0000E+00  0.0000E+00
 13.94  0.0000E+00  0.0000E+00  0.0000E+00
 13.95  0.0000E+00  0.0000E+00  0.0000E+00
 13.96  0.0000E+00  0.0000E+00  0.0000E+00
 13.97  0.0000E+00  0.0000E+00  0.0000E+00
 13.98  0.0000E+00  0.0000E+00  0.0000E+00
 13.99  0.0000E+00  0.0000E+00  0.0000E+00
 14.00  0.0000E+00  0.0000E+00  0.0000E+00
 14.01  0.0000E+00  0.0000E+00  0.0000E+00
 14.02  0.0000E+00  0.0000E+00  0.0000E+00
 14.03  0.0000E+00  0.0000E+00  0.0000E+00
 14.04  0.0000E+00  0.0000E+00  0.0000E+00
 14.05  0.0000E+00  0.0000E+00  0.0000E+00
 14.06  0.0000E+00  0.0000E+00  0.0000E+00
 14.07  0.0000E+00  0.0000E+00  0.0000E+00
 14.08  0.0000E+00  0.0000E+00  0.0000E+00
 14.09  0.0000E+00  0.0000E+00  0.0000E+00
 14.10  0.0000E+00  0.0000E+00  0.0000E+00
 14.11  0.0000E+00  0.0000E+00  0.0000E+00
 14.12  0.0000E+00  0.0000E+00  0.0000E+00
 14.13  0.0000E+00  0.0000E+00  0.0000E+00
 14.14  0.0000E+00  0.0000E+00  0.0000E+00
 14.15  0.0000E+00  0.0000E+00  0.0000E+00
 14.16  0.0000E+00  0.0000E+00  0.0000E+00
 14.17  0.0000E+00  0.0000E+00  0.0000E+00
 14.18  0.0000E+00  0.0000E+00  0.0000E+00
 14.19  0.0000E+00  0.0000E+00  0.0000E+00
 14.20  0.0000E+00  0.0000E+00  0.0000E+00
 14.21  0.0000E+00  0.0000E+00  0.0000E+00
 14.22  0.0000E+00  0.0000E+00  0.0000E+00
 14.23  0.0000E+00  0.0000E+00  0.0000E+00
 14.24  0.0000E+00  0.0000E+00  0.0000E+00
 14.25  0.0000E+00  0.0000E+00  0.0000E+00
 14.26  0.0000E+00  0.0000E+00  0.0000E+00
 14.27  0.0000E+00  0.0000E+00  0.0000E+00
 14.28  0.0000E+00  0.0000E+00  0.0000E+00
 14.29  0.0000E+00  0.0000E+00  0.0000E+00
 14.30  0.0000E+00  0.0000E+00  0.0000E+00
 14.31  0.0000E+00  0.0000E+00  0.0000E+00
 14.32  0.0000E+00  0.0000E+00  0.0000E+00
 14.33  0.0000E+00  0.0000E+00  0.0000E+00
 14.34  0.0000E+00  0.0000E+00  0.0000E+00
 14.35  0.0000E+00  0.0000E+00  0.0000E+00
 14.36  0.0000E+00  0.0000E+00  0.0000E+00
 14.37  0.0000E+00  0.0000E+00  0.0000E+00
 14.38  0.0000E+00  0.0000E+00  0.0000E+00
 14.39  0.0000E+00  0.0000E+00  0.0000E+00
 14.40  0.0000E+00  0.0000E+00  0.0000E+00
 14.41  0.0000E+00  0.0000E+00  0.0000E+00
 14.42  0.0000E+00  0.0000E+00  0.0000E+00
 14.43  0.0000E+00  0.0000E+00  0.0000E+00
 14.44  0.0000E+00  0.0000E+00  0.0000E+00
 14.45  0.0000E+00  0.0000E+00  0.0000E+00
 14.46  0.0000E+00  0.0000E+00  0.0000E+00
 14.47  0.0000E+00  0.0000E+00  0.0000E+00
 14.48  0.0000E+00  0.0000E+00  0.0000E+00
 14.49  0.0000E+00  0.0000E+00  0.0000E+00
 14.50  0.0000E+00  0.0000E+00  0.0000E+00
 14.51  0.0000E+00  0.0000E+00  0.0000E+00
 14.52  0.0000E+00  0.0000E+00  0.0000E+00
 14.53  0.0000E+00  0.0000E+00  0.0000E+00
 14.54  0.0000E+00  0.0000E+00  0.0000E+00
 14.55  0.0000E+00  0.0000E+00  0.0000E+00
 14.56  0.0000E+00  0.0000E+00  0.0000E+00
 14.57  0.0000E+00  0.0000E+00  0.0000E+00
 14.58  0.0000E+00  0.0000E+00  0.0000E+00
 14.59  0.0000E+00  0.0000E+00  0.0000E+00
 14.60  0.0000E+00  0.0000E+00  0.0000E+00
 14.61  0.0000E+00  0.0000E+00  0.0000E+00
 14.62  0.0000E+00  0.0000E+00  0.0000E+00
 14.63  0.0000E+00  0.0000E+00  0.0000E+00
 14.64  0.0000E+00  0.0000E+00  0.0000E+00
 14.65  0.0000E+00  0.0000E+00  0.0000E+00
 14.66  0.0000E+00  0.0000E+00  0.0000E+00
 14.67  0.0000E+00  0.0000E+00  0.0000E+00
 14.68  0.0000E+00  0.0000E+00  0.0000E+00
 14.69  0.0000E+00  0.0000E+00  0.0000E+00
 14.70  0.0000E+00  0.0000E+00  0.0000E+00
 14.71  0.0000E+00  0.0000E+00  0.0000E+00
 14.72  0.0000E+00  0.0000E+00  0.0000E+00
 14.73  0.0000E+00  0.0000E+00  0.0000E+00
 14.74  0.0000E+00  0.0000E+00  0.0000E+00
 14.75  0.0000E+00  0.0000E+00  0.0000E+00
 14.76  0.0000E+00  0.0000E+00  0.0000E+00
 14.77  0.0000E+00  0.0000E+00  0.0000E+00
 14.78  0.0000E+00  0.0000E+00  0.0000E+00
 14.79  0.0000E+00  0.0000E+00  0.0000E+00
 14.80  0.0000E+00  0.0000E+00  0.0000E+00
 14.81  0.0000E+00  0.0000E+00  0.0000E+00
 14.82  0.0000E+00  0.0000E+00  0.0000E+00
 14.83  0.0000E+00  0.0000E+00  0.0000E+00
 14.84  0.0000E+00  0.0000E+00  0.0000E+00
 14.85  0.0000E+00  0.0000E+00  0.0000E+00
 14.86  0.0000E+00  0.0000E+00  0.0000E+00
 14.87  0.0000E+00  0.0000E+00  0.0000E+00
 14.88  0.0000E+00  0.0000E+00  0.0000E+00
 14.89  0.0000E+00  0.0000E+00  0.0000E+00
 14.90  0.0000E+00  0.0000E+00  0.0000E+00
 14.91  0.0000E+00  0.0000E+00  0.0000E+00
 14.92  0.0000E+00  0.0000E+00  0.0000E+00
 14.93  0.0000E+00  0.0000E+00  0.0000E+00
 14.94  0.0000E+00  0.0000E+00  0.0000E+00
 14.95  0.0000E+00  0.0000E+00  0.0000E+00
 14.96  0.0000E+00  0.0000E+00  0.0000E+00
 14.97  0.0000E+00  0.0000E+00  0.0000E+00
 14.98  0.0000E+00  0.0000E+00  0.0000E+00
 14.99  0.0000E+00  0.0000E+00  0.0000E+00
 15.00  0.0000E+00  0.0000E+00  0.0000E+00
 15.01  0.0000E+00  0.0000E+00  0.0000E+00
 15.02  0.0000E+00  0.0000E+00  0.0000E+00
 15.03  0.0000E+00  0.0000E+00  0.0000E+00
 15.04  0.0000E+00  0.0000E+00  0.0000E+00
 15.05  0.0000E+00  0.0000E+00  0.0000E+00
 15.06  0.0000E+00  0.0000E+00  0.0000E+00
 15.07  0.0000E+00  0.0000E+00  0.0000E+00
 15.08  0.0000E+00  0.0000E+00  0.0000E+00
 15.09  0.0000E+00  0.0000E+00  0.0000E+00
 15.10  0.0000E+00  0.0000E+00  0.0000E+00
 15.11  0.0000E+00  0.0000E+00  0.0000E+00
 15.12  0.0000E+00  0.0000E+00  0.0000E+00
 15.13  0.0000E+00  0.0000E+00  0.0000E+00
 15.14  0.0000E+00  0.0000E+00  0.0000E+00
 15.15  0.0000E+00  0.0000E+00  0.0000E+00
 15.16  0.0000E+00  0.0000E+00  0.0000E+00
 15.17  0.0000E+00  0.0000E+00  0.0000E+00
 15.18  0.0000E+00  0.0000E+00  0.0000E+00
 15.19  0.0000E+00  0.0000E+00  0.0000E+00
 15.20  0.0000E+00  0.0000E+00  0.0000E+00
 15.21  0.0000E+00  0.0000E+00  0.0000E+00
 15.22  0.0000E+00  0.0000E+00  0.0000E+00
 15.23  0.0000E+00  0.0000E+00  0.0000E+00
 15.24  0.0000E+00  0.0000E+00  0.0000E+00
 15.25  0.0000E+00  0.0000E+00  0.0000E+00
 15.26  0.0000E+00  0.0000E+00  0.0000E+00
 15.27  0.0000E+00  0.0000E+00  0.0000E+00
 15.28  0.0000E+00  0.0000E+00  0.0000E+00
 15.29  0.0000E+00  0.0000E+00  0.0000E+00
 15.30  0.0000E+00  0.0000E+00  0.0000E+00
 15.31  0.0000E+00  0.0000E+00  0.0000E+00
 15.32  0.0000E+00  0.0000E+00  0.0000E+00
 15.33  0.0000E+00  0.0000E+00  0.0000E+00
 15.34  0.0000E+00  0.0000E+00  0.0000E+00
 15.35  0.0000E+00  0.0000E+00  0.0000E+00
 15.36  0.0000E+00  0.0000E+00  0.0000E+00
 15.37  0.0000E+00  0.0000E+00  0.0000E+00
 15.38  0.0000E+00  0.0000E+00  0.0000E+00
 15.39  0.0000E+00  0.0000E+00  0.0000E+00
 15.40  0.0000E+00  0.0000E+00  0.0000E+00
 15.41  0.0000E+00  0.0000E+00  0.0000E+00
 15.42  0.0000E+00  0.0000E+00  0.0000E+00
 15.43  0.0000E+00  0.0000E+00  0.0000E+00
 15.44  0.0000E+00  0.0000E+00  0.0000E+00
 15.45  0.0000E+00  0.0000E+00  0.0000E+00
 15.46  0.0000E+00  0.0000E+00  0.0000E+00
 15.47  0.0000E+00  0.0000E+00  0.0000E+00
 15.48  0.0000E+00  0.0000E+00  0.0000E+00
 15.49  0.0000E+00  0.0000E+00  0.0000E+00
 15.50  0.0000E+00  0.0000E+00  0.0000E+00
 15.51  0.0000E+00  0.0000E+00  0.0000E+00
 15.52  0.0000E+00  0.0000E+00  0.0000E+00
 15.53  0.0000E+00  0.0000E+00  0.0000E+00
 15.54  0.0000E+00  0.0000E+00  0.0000E+00
 15.55  0.0000E+00  0.0000E+00  0.0000E+00
 15.56  0.0000E+00  0.0000E+00  0.0000E+00
 15.57  0.0000E+00  0.0000E+00  0.0000E+00
 15.58  0.0000E+00  0.0000E+00  0.0000E+00
 15.59  0.0000E+00  0.0000E+00  0.0000E+00
 15.60  0.0000E+00  0.0000E+00  0.0000E+00
 15.61  0.0000E+00  0.0000E+00  0.0000E+00
 15.62  0.0000E+00  0.0000E+00  0.0000E+00
 15.63  0.0000E+00  0.0000E+00  0.0000E+00
 15.64  0.0000E+00  0.0000E+00  0.0000E+00
 15.65  0.0000E+00  0.0000E+00  0.0000E+00
 15.66  0.0000E+00  0.0000E+00  0.0000E+00
 15.67  0.0000E+00  0.0000E+00  0.0000E+00
 15.68  0.0000E+00  0.0000E+00  0.0000E+00
 15.69  0.0000E+00  0.0000E+00  0.0000E+00
 15.70  0.0000E+00  0.0000E+00  0.0000E+00
 15.71  0.0000E+00  0.0000E+00  0.0000E+00
 15.72  0.0000E+00  0.0000E+00  0.0000E+00
 15.73  0.0000E+00  0.0000E+00  0.0000E+00
 15.74  0.0000E+00  0.0000E+00  0.0000E+00
 15.75  0.0000E+00  0.0000E+00  0.0000E+00
 15.76  0.0000E+00  0.0000E+00  0.0000E+00
 15.77  0.0000E+00  0.0000E+00  0.0000E+00
 15.78  0.0000E+00  0.0000E+00  0.0000E+00
 15.79  0.0000E+00  0.0000E+00  0.0000E+00
 15.80  0.0000E+00  0.0000E+00  0.0000E+00
 15.81  0.0000E+00  0.0000E+00  0.0000E+00
 15.82  0.0000E+00  0.0000E+00  0.0000E+00
 15.83  0.0000E+00  0.0000E+00  0.0000E+00
 15.84  0.0000E+00  0.0000E+00  0.0000E+00
 15.85  0.0000E+00  0.0000E+00  0.0000E+00
 15.86  0.0000E+00  0.0000E+00  0.0000E+00
 15.87  0.0000E+00  0.0000E+00  0.0000E+00
 15.88  0.0000E+00  0.0000E+00  0.0000E+00
 15.89  0.0000E+00  0.0000E+00  0.0000E+00
 15.90  0.0000E+00  0.0000E+00  0.0000E+00
 15.91  0.0000E+00  0.0000E+00  0.0000E+00
 15.92  0.0000E+00  0.0000E+00  0.0000E+00
 15.93  0.0000E+00  0.0000E+00  0.0000E+00
 15.94  0.0000E+00  0.0000E+00  0.0000E+00
 15.95  0.0000E+00  0.0000E+00  0.0000E+00
 15.96  0.0000E+00  0.0000E+00  0.0000E+00
 15.97  0.0000E+00  0.0000E+00  0.0000E+00
 15.98  0.0000E+00  0.0000E+00  0.0000E+00
 15.99  0.0000E+00  0.0000E+00  0.0000E+00
 16.00  0.0000E+00  0.0000E+00  0.0000E+00
 16.01  0.0000E+00  0.0000E+00  0.0000E+00
 16.02  0.0000E+00  0.0000E+00  0.0000E+00
 16.03  0.0000E+00  0.0000E+00  0.0000E+00
 16.04  0.0000E+00  0.0000E+00  0.0000E+00
 16.05  0.0000E+00  0.0000E+00  0.0000E+00
 16.06  0.0000E+00  0.0000E+00  0.0000E+00
 16.07  0.0000E+00  0.0000E+00  0.0000E+00
 16.08  0.0000E+00  0.0000E+00  0.0000E+00
 16.09  0.0000E+00  0.0000E+00  0.0000E+00
 16.10  0.0000E+00  0.0000E+00  0.0000E+00
 16.11  0.0000E+00  0.0000E+00  0.0000E+00
 16.12  0.0000E+00  0.0000E+00  0.0000E+00
 16.13  0.0000E+00  0.0000E+00  0.0000E+00
 16.14  0.0000E+00  0.0000E+00  0.0000E+00
 16.15  0.0000E+00  0.0000E+00  0.0000E+00
 16.16  0.0000E+00  0.0000E+00  0.0000E+00
 16.17  0.0000E+00  0.0000E+00  0.0000E+00
 16.18  0.0000E+00  0.0000E+00  0.0000E+00
 16.19  0.0000E+00  0.0000E+00  0.0000E+00
 16.20  0.0000E+00  0.0000E+00  0.0000E+00
 16.21  0.0000E+00  0.0000E+00  0.0000E+00
 16.22  0.0000E+00  0.0000E+00  0.0000E+00
 16.23  0.0000E+00  0.0000E+00  0.0000E+00
 16.24  0.0000E+00  0.0000E+00  0.0000E+00
 16.25  0.0000E+00  0.0000E+00  0.0000E+00
 16.26  0.0000E+00  0.0000E+00  0.0000E+00
 16.27  0.0000E+00  0.0000E+00  0.0000E+00
 16.28  0.0000E+00  0.0000E+00  0.0000E+00
 16.29  0.0000E+00  0.0000E+00  0.0000E+00
 16.30  0.0000E+00  0.0000E+00  0.0000E+00
 16.31  0.0000E+00  0.0000E+00  0.0000E+00
 16.32  0.0000E+00  0.0000E+00  0.0000E+00
 16.33  0.0000E+00  0.0000E+00  0.0000E+00
 16.34  0.0000E+00  0.0000E+00  0.0000E+00
 16.35  0.0000E+00  0.0000E+00  0.0000E+00
 16.36  0.0000E+00  0.0000E+00  0.0000E+00
 16.37  0.0000E+00  0.0000E+00  0.0000E+00
 16.38  0.0000E+00  0.0000E+00  0.0000E+00
 16.39  0.0000E+00  0.0000E+00  0.0000E+00
 16.40  0.0000E+00  0.0000E+00  0.0000E+00
 16.41  0.0000E+00  0.0000E+00  0.0000E+00
 16.42  0.0000E+00  0.0000E+00  0.0000E+00
 16.43  0.0000E+00  0.0000E+00  0.0000E+00
 16.44  0.0000E+00  0.0000E+00  0.0000E+00
 16.45  0.0000E+00  0.0000E+00  0.0000E+00
 16.46  0.0000E+00  0.0000E+00  0.0000E+00
 16.47  0.0000E+00  0.0000E+00  0.0000E+00
 16.48  0.0000E+00  0.0000E+00  0.0000E+00
 16.49  0.0000E+00  0.0000E+00  0.0000E+00
 16.50  0.0000E+00  0.0000E+00  0.0000E+00
 16.51  0.0000E+00  0.0000E+00  0.0000E+00
 16.52  0.0000E+00  0.0000E+00  0.0000E+00
 16.53  0.0000E+00  0.0000E+00  0.0000E+00
 16.54  0.0000E+00  0.0000E+00  0.0000E+00
 16.55  0.0000E+00  0.0000E+00  0.0000E+00
 16.56  0.0000E+00  0.0000E+00  0.0000E+00
 16.57  0.0000E+00  0.0000E+00  0.0000E+00
 16.58  0.0000E+00  0.0000E+00  0.0000E+00
 16.59  0.0000E+00  0.0000E+00  0.0000E+00
 16.60  0.0000E+00  0.0000E+00  0.0000E+00
 16.61  0.0000E+00  0.0000E+00  0.0000E+00
 16.62  0.0000E+00  0.0000E+00  0.0000E+00
 16.63  0.0000E+00  0.0000E+00  0.0000E+00
 16.64  0.0000E+00  0.0000E+00  0.0000E+00
 16.65  0.0000E+00  0.0000E+00  0.0000E+00
 16.66  0.0000E+00  0.0000E+00  0.0000E+00
 16.67  0.0000E+00  0.0000E+00  0.0000E+00
 16.68  0.0000E+00  0.0000E+00  0.0000E+00
 16.69  0.0000E+00  0.0000E+00  0.0000E+00
 16.70  0.0000E+00  0.0000E+00  0.0000E+00
 16.71  0.0000E+00  0.0000E+00  0.0000E+00
 16.72  0.0000E+00  0.0000E+00  0.0000E+00
 16.73  0.0000E+00  0.0000E+00  0.0000E+00
 16.74  0.0000E+00  0.0000E+00  0.0000E+00
 16.75  0.0000E+00  0.0000E+00  0.0000E+00
 16.76  0.0000E+00  0.0000E+00  0.0000E+00
 16.77  0.0000E+00  0.0000E+00  0.0000E+00
 16.78  0.0000E+00  0.0000E+00  0.0000E+00
 16.79  0.0000E+00  0.0000E+00  0.0000E+00
 16.80  0.0000E+00  0.0000E+00  0.0000E+00
 16.81  0.0000E+00  0.0000E+00  0.0000E+00
 16.82  0.0000E+00  0.0000E+00  0.0000E+00
 16.83  0.0000E+00  0.0000E+00  0.0000E+00
 16.84  0.0000E+00  0.0000E+00  0.0000E+00
 16.85  0.0000E+00  0.0000E+00  0.0000E+00
 16.86  0.0000E+00  0.0000E+00  0.0000E+00
 16.87  0.0000E+00  0.0000E+00  0.0000E+00
 16.88  0.0000E+00  0.0000E+00  0.0000E+00
 16.89  0.0000E+00  0.0000E+00  0.0000E+00
 16.90  0.0000E+00  0.0000E+00  0.0000E+00
 16.91  0.0000E+00  0.0000E+00  0.0000E+00
 16.92  0.0000E+00  0.0000E+00  0.0000E+00
 16.93  0.0000E+00  0.0000E+00  0.0000E+00
 16.94  0.0000E+00  0.0000E+00  0.0000E+00
 16.95  0.0000E+00  0.0000E+00  0.0000E+00
 16.96  0.0000E+00  0.0000E+00  0.0000E+00
 16.97  0.0000E+00  0.0000E+00  0.0000E+00
 16.98  0.0000E+00  0.0000E+00  0.0000E+00
 16.99  0.0000E+00  0.0000E+00  0.0000E+00
 17.00  0.0000E+00  0.0000E+00  0.0000E+00
 17.01  0.0000E+00  0.0000E+00  0.0000E+00
 17.02  0.0000E+00  0.0000E+00  0.0000E+00
 17.03  0.0000E+00  0.0000E+00  0.0000E+00
 17.04  0.0000E+00  0.0000E+00  0.0000E+00
 17.05  0.0000E+00  0.0000E+00  0.0000E+00
 17.06  0.0000E+00  0.0000E+00  0.0000E+00
 17.07  0.0000E+00  0.0000E+00  0.0000E+00
 17.08  0.0000E+00  0.0000E+00  0.0000E+00
 17.09  0.0000E+00  0.0000E+00  0.0000E+00
 17.10  0.0000E+00  0.0000E+00  0.0000E+00
 17.11  0.0000E+00  0.0000E+00  0.0000E+00
 17.12  0.0000E+00  0.0000E+00  0.0000E+00
 17.13  0.0000E+00  0.0000E+00  0.0000E+00
 17.14  0.0000E+00  0.0000E+00  0.0000E+00
 17.15  0.0000E+00  0.0000E+00  0.0000E+00
 17.16  0.0000E+00  0.0000E+00  0.0000E+00
 17.17  0.0000E+00  0.0000E+00  0.0000E+00
 17.18  0.0000E+00  0.0000E+00  0.0000E+00
 17.19  0.0000E+00  0.0000E+00  0.0000E+00
 17.20  0.0000E+00  0.0000E+00  0.0000E+00
 17.21  0.0000E+00  0.0000E+00  0.0000E+00
 17.22  0.0000E+00  0.0000E+00  0.0000E+00
 17.23  0.0000E+00  0.0000E+00  0.0000E+00
 17.24  0.0000E+00  0.0000E+00  0.0000E+00
 17.25  0.0000E+00  0.0000E+00  0.0000E+00
 17.26  0.0000E+00  0.0000E+00  0.0000E+00
 17.27  0.0000E+00  0.0000E+00  0.0000E+00
 17.28  0.0000E+00  0.0000E+00  0.0000E+00
 17.29  0.0000E+00  0.0000E+00  0.0000E+00
 17.30  0.0000E+00  0.0000E+00  0.0000E+00
 17.31  0.0000E+00  0.0000E+00  0.0000E+00
 17.32  0.0000E+00  0.0000E+00  0.0000E+00
 17.33  0.0000E+00  0.0000E+00  0.0000E+00
 17.34  0.0000E+00  0.0000E+00  0.0000E+00
 17.35  0.0000E+00  0.0000E+00  0.0000E+00
 17.36  0.0000E+00  0.0000E+00  0.0000E+00
 17.37  0.0000E+00  0.0000E+00  0.0000E+00
 17.38  0.0000E+00  0.0000E+00  0.0000E+00
 17.39  0.0000E+00  0.0000E+00  0.0000E+00
 17.40  0.0000E+00  0.0000E+00  0.0000E+00
 17.41  0.0000E+00  0.0000E+00  0.0000E+00
 17.42  0.0000E+00  0.0000E+00  0.0000E+00
 17.43  0.0000E+00  0.0000E+00  0.0000E+00
 17.44  0.0000E+00  0.0000E+00  0.0000E+00
 17.45  0.0000E+00  0.0000E+00  0.0000E+00
 17.46  0.0000E+00  0.0000E+00  0.0000E+00
 17.47  0.0000E+00  0.0000E+00  0.0000E+00
 17.48  0.0000E+00  0.0000E+00  0.0000E+00
 17.49  0.0000E+00  0.0000E+00  0.0000E+00
 17.50  0.0000E+00  0.0000E+00  0.0000E+00
 17.51  0.0000E+00  0.0000E+00  0.0000E+00
 17.52  0.0000E+00  0.0000E+00  0.0000E+00
 17.53  0.0000E+00  0.0000E+00  0.0000E+00
 17.54  0.0000E+00  0.0000E+00  0.0000E+00
 17.55  0.0000E+00  0.0000E+00  0.0000E+00
 17.56  0.0000E+00  0.0000E+00  0.0000E+00
 17.57  0.0000E+00  0.0000E+00  0.0000E+00
 17.58  0.0000E+00  0.0000E+00  0.0000E+00
 17.59  0.0000E+00  0.0000E+00  0.0000E+00
 17.60  0.0000E+00  0.0000E+00  0.0000E+00
 17.61  0.0000E+00  0.0000E+00  0.0000E+00
 17.62  0.0000E+00  0.0000E+00  0.0000E+00
 17.63  0.0000E+00  0.0000E+00  0.0000E+00
 17.64  0.0000E+00  0.0000E+00  0.0000E+00
 17.65  0.0000E+00  0.0000E+00  0.0000E+00
 17.66  0.0000E+00  0.0000E+00  0.0000E+00
 17.67  0.0000E+00  0.0000E+00  0.0000E+00
 17.68  0.0000E+00  0.0000E+00  0.0000E+00
 17.69  0.0000E+00  0.0000E+00  0.0000E+00
 17.70  0.0000E+00  0.0000E+00  0.0000E+00
 17.71  0.0000E+00  0.0000E+00  0.0000E+00
 17.72  0.0000E+00  0.0000E+00  0.0000E+00
 17.73  0.0000E+00  0.0000E+00  0.0000E+00
 17.74  0.0000E+00  0.0000E+00  0.0000E+00
 17.75  0.0000E+00  0.0000E+00  0.0000E+00
 17.76  0.0000E+00  0.0000E+00  0.0000E+00
 17.77  0.0000E+00  0.0000E+00  0.0000E+00
 17.78  0.0000E+00  0.0000E+00  0.0000E+00
 17.79  0.0000E+00  0.0000E+00  0.0000E+00
 17.80  0.0000E+00  0.0000E+00  0.0000E+00
 17.81  0.0000E+00  0.0000E+00  0.0000E+00
 17.82  0.0000E+00  0.0000E+00  0.0000E+00
 17.83  0.0000E+00  0.0000E+00  0.0000E+00
 17.84  0.0000E+00  0.0000E+00  0.0000E+00
 17.85  0.0000E+00  0.0000E+00  0.0000E+00
 17.86  0.0000E+00  0.0000E+00  0.0000E+00
 17.87  0.0000E+00  0.0000E+00  0.0000E+00
 17.88  0.0000E+00  0.0000E+00  0.0000E+00
 17.89  0.0000E+00  0.0000E+00  0.0000E+00
 17.90  0.0000E+00  0.0000E+00  0.0000E+00
 17.91  0.0000E+00  0.0000E+00  0.0000E+00
 17.92  0.0000E+00  0.0000E+00  0.0000E+00
 17.93  0.0000E+00  0.0000E+00  0.0000E+00
 17.94  0.0000E+00  0.0000E+00  0.0000E+00
 17.95  0.0000E+00  0.0000E+00  0.0000E+00
 17.96  0.0000E+00  0.0000E+00  0.0000E+00
 17.97  0.0000E+00  0.0000E+00  0.0000E+00
 17.98  0.0000E+00  0.0000E+00  0.0000E+00
 17.99  0.0000E+00  0.0000E+00  0.0000E+00
 18.00  0.0000E+00  0.0000E+00  0.0000E+00
 18.01  0.0000E+00  0.0000E+00  0.0000E+00
 18.02  0.0000E+00  0.0000E+00  0.0000E+00
 18.03  0.0000E+00  0.0000E+00  0.0000E+00
 18.04  0.0000E+00  0.0000E+00  0.0000E+00
 18.05  0.0000E+00  0.0000E+00  0.0000E+00
 18.06  0.0000E+00  0.0000E+00  0.0000E+00
 18.07  0.0000E+00  0.0000E+00  0.0000E+00
 18.08  0.0000E+00  0.0000E+00  0.0000E+00
 18.09  0.0000E+00  0.0000E+00  0.0000E+00
 18.10  0.0000E+00  0.0000E+00  0.0000E+00
 18.11  0.0000E+00  0.0000E+00  0.0000E+00
 18.12  0.0000E+00  0.0000E+00  0.0000E+00
 18.13  0.0000E+00  0.0000E+00  0.0000E+00
 18.14  0.0000E+00  0.0000E+00  0.0000E+00
 18.15  0.0000E+00  0.0000E+00  0.0000E+00
 18.16  0.0000E+00  0.0000E+00  0.0000E+00
 18.17  0.0000E+00  0.0000E+00  0.0000E+00
 18.18  0.0000E+00  0.0000E+00  0.0000E+00
 18.19  0.0000E+00  0.0000E+00  0.0000E+00
 18.20  0.0000E+00  0.0000E+00  0.0000E+00
 18.21  0.0000E+00  0.0000E+00  0.0000E+00
 18.22  0.0000E+00  0.0000E+00  0.0000E+00
 18.23  0.0000E+00  0.0000E+00  0.0000E+00
 18.24  0.0000E+00  0.0000E+00  0.0000E+00
 18.25  0.0000E+00  0.0000E+00  0.0000E+00
 18.26  0.0000E+00  0.0000E+00  0.0000E+00
 18.27  0.0000E+00  0.0000E+00  0.0000E+00
 18.28  0.0000E+00  0.0000E+00  0.0000E+00
 18.29  0.0000E+00  0.0000E+00  0.0000E+00
 18.30  0.0000E+00  0.0000E+00  0.0000E+00
 18.31  0.0000E+00  0.0000E+00  0.0000E+00
 18.32  0.0000E+00  0.0000E+00  0.0000E+00
 18.33  0.0000E+00  0.0000E+00  0.0000E+00
 18.34  0.0000E+00  0.0000E+00  0.0000E+00
 18.35  0.0000E+00  0.0000E+00  0.0000E+00
 18.36  0.0000E+00  0.0000E+00  0.0000E+00
 18.37  0.0000E+00  0.0000E+00  0.0000E+00
 18.38  0.0000E+00  0.0000E+00  0.0000E+00
 18.39  0.0000E+00  0.0000E+00  0.0000E+00
 18.40  0.0000E+00  0.0000E+00  0.0000E+00
 18.41  0.0000E+00  0.0000E+00  0.0000E+00
 18.42  0.0000E+00  0.0000E+00  0.0000E+00
 18.43  0.0000E+00  0.0000E+00  0.0000E+00
 18.44  0.0000E+00  0.0000E+00  0.0000E+00
 18.45  0.0000E+00  0.0000E+00  0.0000E+00
 18.46  0.0000E+00  0.0000E+00  0.0000E+00
 18.47  0.0000E+00  0.0000E+00  0.0000E+00
 18.48  0.0000E+00  0.0000E+00  0.0000E+00
 18.49  0.0000E+00  0.0000E+00  0.0000E+00
 18.50  0.0000E+00  0.0000E+00  0.0000E+00
 18.51  0.0000E+00  0.0000E+00  0.0000E+00
 18.52  0.0000E+00  0.0000E+00  0.0000E+00
 18.53  0.0000E+00  0.0000E+00  0.0000E+00
 18.54  0.0000E+00  0.0000E+00  0.0000E+00
 18.55  0.0000E+00  0.0000E+00  0.0000E+00
 18.56  0.0000E+00  0.0000E+00  0.0000E+00
 18.57  0.0000E+00  0.0000E+00  0.0000E+00
 18.58  0.0000E+00  0.0000E+00  0.0000E+00
 18.59  0.0000E+00  0.0000E+00  0.0000E+00
 18.60  0.0000E+00  0.0000E+00  0.0000E+00
 18.61  0.0000E+00  0.0000E+00  0.0000E+00
 18.62  0.0000E+00  0.0000E+00  0.0000E+00
 18.63  0.0000E+00  0.0000E+00  0.0000E+00
 18.64  0.0000E+00  0.0000E+00  0.0000E+00
 18.65  0.0000E+00  0.0000E+00  0.0000E+00
 18.66  0.0000E+00  0.0000E+00  0.0000E+00
 18.67  0.0000E+00  0.0000E+00  0.0000E+00
 18.68  0.0000E+00  0.0000E+00  0.0000E+00
 18.69  0.0000E+00  0.0000E+00  0.0000E+00
 18.70  0.0000E+00  0.0000E+00  0.0000E+00
 18.71  0.0000E+00  0.0000E+00  0.0000E+00
 18.72  0.0000E+00  0.0000E+00  0.0000E+00
 18.73  0.0000E+00  0.0000E+00  0.0000E+00
 18.74  0.0000E+00  0.0000E+00  0.0000E+00
 18.75  0.0000E+00  0.0000E+00  0.0000E+00
 18.76  0.0000E+00  0.0000E+00  0.0000E+00
 18.77  0.0000E+00  0.0000E+00  0.0000E+00
 18.78  0.0000E+00  0.0000E+00  0.0000E+00
 18.79  0.0000E+00  0.0000E+00  0.0000E+00
 18.80  0.0000E+00  0.0000E+00  0.0000E+00
 18.81  0.0000E+00  0.0000E+00  0.0000E+00
 18.82  0.0000E+00  0.0000E+00  0.0000E+00
 18.83  0.0000E+00  0.0000E+00  0.0000E+00
 18.84  0.0000E+00  0.0000E+00  0.0000E+00
 18.85  0.0000E+00  0.0000E+00  0.0000E+00
 18.86  0.0000E+00  0.0000E+00  0.0000E+00
 18.87  0.0000E+00  0.0000E+00  0.0000E+00
 18.88  0.0000E+00  0.0000E+00  0.0000E+00
 18.89  0.0000E+00  0.0000E+00  0.0000E+00
 18.90  0.0000E+00  0.0000E+00  0.0000E+00
 18.91  0.0000E+00  0.0000E+00  0.0000E+00
 18.92  0.0000E+00  0.0000E+00  0.0000E+00
 18.93  0.0000E+00  0.0000E+00  0.0000E+00
 18.94  0.0000E+00  0.0000E+00  0.0000E+00
 18.95  0.0000E+00  0.0000E+00  0.0000E+00
 18.96  0.0000E+00  0.0000E+00  0.0000E+00
 18.97  0.0000E+00  0.0000E+00  0.0000E+00
 18.98  0.0000E+00  0.0000E+00  0.0000E+00
 18.99  0.0000E+00  0.0000E+00  0.0000E+00
 19.00  0.0000E+00  0.0000E+00  0.0000E+00
 19.01  0.0000E+00  0.0000E+00  0.0000E+00
 19.02  0.0000E+00  0.0000E+00  0.0000E+00
 19.03  0.0000E+00  0.0000E+00  0.0000E+00
 19.04  0.0000E+00  0.0000E+00  0.0000E+00
 19.05  0.0000E+00  0.0000E+00  0.0000E+00
 19.06  0.0000E+00  0.0000E+00  0.0000E+00
 19.07  0.0000E+00  0.0000E+00  0.0000E+00
 19.08  0.0000E+00  0.0000E+00  0.0000E+00
 19.09  0.0000E+00  0.0000E+00  0.0000E+00
 19.10  0.0000E+00  0.0000E+00  0.0000E+00
 19.11  0.0000E+00  0.0000E+00  0.0000E+00
 19.12  0.0000E+00  0.0000E+00  0.0000E+00
 19.13  0.0000E+00  0.0000E+00  0.0000E+00
 19.14  0.0000E+00  0.0000E+00  0.0000E+00
 19.15  0.0000E+00  0.0000E+00  0.0000E+00
 19.16  0.0000E+00  0.0000E+00  0.0000E+00
 19.17  0.0000E+00  0.0000E+00  0.0000E+00
 19.18  0.0000E+00  0.0000E+00  0.0000E+00
 19.19  0.0000E+00  0.0000E+00  0.0000E+00
 19.20  0.0000E+00  0.0000E+00  0.0000E+00
 19.21  0.0000E+00  0.0000E+00  0.0000E+00
 19.22  0.0000E+00  0.0000E+00  0.0000E+00
 19.23  0.0000E+00  0.0000E+00  0.0000E+00
 19.24  0.0000E+00  0.0000E+00  0.0000E+00
 19.25  0.0000E+00  0.0000E+00  0.0000E+00
 19.26  0.0000E+00  0.0000E+00  0.0000E+00
 19.27  0.0000E+00  0.0000E+00  0.0000E+00
 19.28  0.0000E+00  0.0000E+00  0.0000E+00
 19.29  0.0000E+00  0.0000E+00  0.0000E+00
 19.30  0.0000E+00  0.0000E+00  0.0000E+00
 19.31  0.0000E+00  0.0000E+00  0.0000E+00
 19.32  0.0000E+00  0.0000E+00  0.0000E+00
 19.33  0.0000E+00  0.0000E+00  0.0000E+00
 19.34  0.0000E+00  0.0000E+00  0.0000E+00
 19.35  0.0000E+00  0.0000E+00  0.0000E+00
 19.36  0.0000E+00  0.0000E+00  0.0000E+00
 19.37  0.0000E+00  0.0000E+00  0.0000E+00
 19.38  0.0000E+00  0.0000E+00  0.0000E+00
 19.39  0.0000E+00  0.0000E+00  0.0000E+00
 19.40  0.0000E+00  0.0000E+00  0.0000E+00
 19.41  0.0000E+00  0.0000E+00  0.0000E+00
 19.42  0.0000E+00  0.0000E+00  0.0000E+00
 19.43  0.0000E+00  0.0000E+00  0.0000E+00
 19.44  0.0000E+00  0.0000E+00  0.0000E+00
 19.45  0.0000E+00  0.0000E+00  0.0000E+00
 19.46  0.0000E+00  0.0000E+00  0.0000E+00
 19.47  0.0000E+00  0.0000E+00  0.0000E+00
 19.48  0.0000E+00  0.0000E+00  0.0000E+00
 19.49  0.0000E+00  0.0000E+00  0.0000E+00
 19.50  0.0000E+00  0.0000E+00  0.0000E+00
 19.51  0.0000E+00  0.0000E+00  0.0000E+00
 19.52  0.0000E+00  0.0000E+00  0.0000E+00
 19.53  0.0000E+00  0.0000E+00  0.0000E+00
 19.54  0.0000E+00  0.0000E+00  0.0000E+00
 19.55  0.0000E+00  0.0000E+00  0.0000E+00
 19.56  0.0000E+00  0.0000E+00  0.0000E+00
 19.57  0.0000E+00  0.0000E+00  0.0000E+00
 19.58  0.0000E+00  0.0000E+00  0.0000E+00
 19.59  0.0000E+00  0.0000E+00  0.0000E+00
 19.60  0.0000E+00  0.0000E+00  0.0000E+00
 19.61  0.0000E+00  0.0000E+00  0.0000E+00
 19.62  0.0000E+00  0.0000E+00  0.0000E+00
 19.63  0.0000E+00  0.0000E+00  0.0000E+00
 19.64  0.0000E+00  0.0000E+00  0.0000E+00
 19.65  0.0000E+00  0.0000E+00  0.0000E+00
 19.66  0.0000E+00  0.0000E+00  0.0000E+00
 19.67  0.0000E+00  0.0000E+00  0.0000E+00
 19.68  0.0000E+00  0.0000E+00  0.0000E+00
 19.69  0.0000E+00  0.0000E+00  0.0000E+00
 19.70  0.0000E+00  0.0000E+00  0.0000E+00
 19.71  0.0000E+00  0.0000E+00  0.0000E+00
 19.72  0.0000E+00  0.0000E+00  0.0000E+00
 19.73  0.0000E+00  0.0000E+00  0.0000E+00
 19.74  0.0000E+00  0.0000E+00  0.0000E+00
 19.75  0.0000E+00  0.0000E+00  0.0000E+00
 19.76  0.0000E+00  0.0000E+00  0.0000E+00
 19.77  0.0000E+00  0.0000E+00  0.0000E+00
 19.78  0.0000E+00  0.0000E+00  0.0000E+00
 19.79  0.0000E+00  0.0000E+00  0.0000E+00
 19.80  0.0000E+00  0.0000E+00  0.0000E+00
 19.81  0.0000E+00  0.0000E+00  0.0000E+00
 19.82  0.0000E+00  0.0000E+00  0.0000E+00
 19.83  0.0000E+00  0.0000E+00  0.0000E+00
 19.84  0.0000E+00  0.0000E+00  0.0000E+00
 19.85  0.0000E+00  0.0000E+00  0.0000E+00
 19.86  0.0000E+00  0.0000E+00  0.0000E+00
 19.87  0.0000E+00  0.0000E+00  0.0000E+00
 19.88  0.0000E+00  0.0000E+00  0.0000E+00
 19.89  0.0000E+00  0.0000E+00  0.0000E+00
 19.90  0.0000E+00  0.0000E+00  0.0000E+00
 19.91  0.0000E+00  0.0000E+00  0.0000E+00
 19.92  0.0000E+00  0.0000E+00  0.0000E+00
 19.93  0.0000E+00  0.0000E+00  0.0000E+00
 19.94  0.0000E+00  0.0000E+00  0.0000E+00
 19.95  0.0000E+00  0.0000E+00  0.0000E+00
 19.96  0.0000E+00  0.0000E+00  0.0000E+00
 19.97  0.0000E+00  0.0000E+00  0.0000E+00
 19.98  0.0000E+00  0.0000E+00  0.0000E+00
 19.99  0.0000E+00  0.0000E+00  0.0000E+00
 20.00  0.0000E+00  0.0000E+00  0.0000E+00
