   0.0000     0.017959    -0.093923
   0.2000     0.017953    -0.093926
   0.4000     0.017967    -0.093892
   0.6000     0.017995    -0.093872
   0.8000     0.018034    -0.093838
   1.0000     0.018048    -0.093837
   1.2000     0.018032    -0.093896
   1.4000     0.018037    -0.093935
   1.6000     0.018063    -0.093952
   1.8000     0.018110    -0.093941
   2.0000     0.018132    -0.093983
   2.2000     0.018125    -0.094071
   2.4000     0.018138    -0.094138
   2.6000     0.018173    -0.094158
   2.8000     0.018228    -0.094164
   3.0000     0.018258    -0.094226
   3.2000     0.018259    -0.094331
   3.4000     0.018280    -0.094433
   3.6000     0.018322    -0.094473
   3.8000     0.018386    -0.094511
   4.0000     0.018423    -0.094602
   4.2000     0.018432    -0.094732
   4.4000     0.018460    -0.094858
   4.6000     0.018510    -0.094948
   4.8000     0.018572    -0.095042
   5.0000     0.018645    -0.095116
   5.2000     0.018692    -0.095234
   5.4000     0.018709    -0.095411
   5.6000     0.018746    -0.095555
   5.8000     0.018805    -0.095689
   6.0000     0.018883    -0.095806
   6.2000     0.018935    -0.095954
   6.4000     0.018956    -0.096148
   6.6000     0.018998    -0.096325
   6.8000     0.019060    -0.096467
   7.0000     0.019141    -0.096589
   7.2000     0.019195    -0.096785
   7.4000     0.019219    -0.097013
   7.6000     0.019261    -0.097230
   7.8000     0.019324    -0.097390
   8.0000     0.019405    -0.097533
   8.2000     0.019461    -0.097738
   8.4000     0.019485    -0.097969
   8.6000     0.019525    -0.098199
   8.8000     0.019586    -0.098382
   9.0000     0.019663    -0.098559
   9.2000     0.019715    -0.098781
   9.4000     0.019740    -0.099044
   9.6000     0.019779    -0.099282
   9.8000     0.019836    -0.099475
  10.0000     0.019913    -0.099652
  10.2000     0.019964    -0.099926
  10.4000     0.019991    -0.100171
  10.6000     0.020030    -0.100415
  10.8000     0.020086    -0.100624
  11.0000     0.020149    -0.100823
  11.2000     0.020171    -0.101163
  11.4000     0.020167    -0.101471
  11.6000     0.020148    -0.101754
  11.8000     0.020125    -0.102081
  12.0000     0.020106    -0.102378
  12.2000     0.020088    -0.102665
  12.4000     0.020039    -0.103087
  12.6000     0.019985    -0.103370
  12.8000     0.019953    -0.103630
  13.0000     0.019940    -0.103840
  13.2000     0.019962    -0.103994
  13.4000     0.019980    -0.104177
  13.6000     0.020001    -0.104311
  13.8000     0.020029    -0.104391
  14.0000     0.020094    -0.104429
  14.2000     0.020208    -0.104387
  14.4000     0.020330    -0.104347
  14.6000     0.020488    -0.104262
  14.8000     0.020662    -0.104112
  15.0000     0.020867    -0.103952
  15.2000     0.021074    -0.103764
  15.4000     0.021322    -0.103539
  15.6000     0.021596    -0.103283
  15.8000     0.021890    -0.103013
  16.0000     0.022189    -0.102703
  16.2000     0.022487    -0.102421
  16.4000     0.022801    -0.102108
  16.6000     0.023129    -0.101778
  16.8000     0.023462    -0.101435
  17.0000     0.023809    -0.101054
  17.2000     0.024164    -0.100697
  17.4000     0.024536    -0.100285
  17.6000     0.024879    -0.099915
  17.8000     0.025237    -0.099537
  18.0000     0.025601    -0.099128
  18.2000     0.025952    -0.098752
  18.4000     0.026268    -0.098390
  18.6000     0.026578    -0.098053
  18.8000     0.026920    -0.097640
  19.0000     0.027241    -0.097232
  19.2000     0.027556    -0.096861
  19.4000     0.027839    -0.096503
  19.6000     0.028111    -0.096121
  19.8000     0.028407    -0.095702
  20.0000     0.028695    -0.095284
  20.2000     0.028979    -0.094848
  20.4000     0.029218    -0.094444
  20.6000     0.029478    -0.094007
  20.8000     0.029718    -0.093569
  21.0000     0.029957    -0.093128
  21.2000     0.030166    -0.092667
  21.4000     0.030366    -0.092213
  21.6000     0.030559    -0.091768
  21.8000     0.030741    -0.091295
  22.0000     0.030906    -0.090824
  22.2000     0.031052    -0.090357
  22.4000     0.031184    -0.089883
  22.6000     0.031325    -0.089386
  22.8000     0.031458    -0.088881
  23.0000     0.031576    -0.088373
  23.2000     0.031707    -0.087849
  23.4000     0.031815    -0.087317
  23.6000     0.031919    -0.086791
  23.8000     0.032003    -0.086253
  24.0000     0.032071    -0.085727
  24.2000     0.032142    -0.085195
  24.4000     0.032215    -0.084638
  24.6000     0.032268    -0.084102
  24.8000     0.032311    -0.083575
  25.0000     0.032362    -0.083037
  25.2000     0.032380    -0.082510
  25.4000     0.032408    -0.081967
  25.6000     0.032427    -0.081432
  25.8000     0.032446    -0.080879
  26.0000     0.032453    -0.080306
  26.2000     0.032459    -0.079753
  26.4000     0.032455    -0.079208
  26.6000     0.032442    -0.078668
  26.8000     0.032433    -0.078132
  27.0000     0.032412    -0.077589
  27.2000     0.032387    -0.077059
  27.4000     0.032370    -0.076533
  27.6000     0.032348    -0.075995
  27.8000     0.032315    -0.075448
  28.0000     0.032276    -0.074914
  28.2000     0.032240    -0.074384
  28.4000     0.032195    -0.073852
  28.6000     0.032148    -0.073322
  28.8000     0.032105    -0.072779
  29.0000     0.032057    -0.072249
  29.2000     0.032000    -0.071724
  29.4000     0.031935    -0.071211
  29.6000     0.031877    -0.070673
  29.8000     0.031808    -0.070149
  30.0000     0.031751    -0.069623
  30.0000     0.031877    -0.069480
   0.0000     0.017958    -0.094135
   0.2000     0.017951    -0.094134
   0.4000     0.017965    -0.094088
   0.6000     0.017992    -0.094050
   0.8000     0.018031    -0.094007
   1.0000     0.018044    -0.094030
   1.2000     0.018028    -0.094085
   1.4000     0.018032    -0.094132
   1.6000     0.018059    -0.094131
   1.8000     0.018105    -0.094115
   2.0000     0.018126    -0.094153
   2.2000     0.018119    -0.094241
   2.4000     0.018132    -0.094306
   2.6000     0.018167    -0.094336
   2.8000     0.018222    -0.094332
   3.0000     0.018251    -0.094405
   3.2000     0.018252    -0.094512
   3.4000     0.018273    -0.094602
   3.6000     0.018315    -0.094657
   3.8000     0.018378    -0.094706
   4.0000     0.018416    -0.094794
   4.2000     0.018425    -0.094921
   4.4000     0.018453    -0.095038
   4.6000     0.018503    -0.095104
   4.8000     0.018565    -0.095200
   5.0000     0.018639    -0.095277
   5.2000     0.018685    -0.095389
   5.4000     0.018703    -0.095564
   5.6000     0.018741    -0.095698
   5.8000     0.018799    -0.095821
   6.0000     0.018877    -0.095930
   6.2000     0.018929    -0.096079
   6.4000     0.018951    -0.096276
   6.6000     0.018992    -0.096463
   6.8000     0.019055    -0.096621
   7.0000     0.019137    -0.096756
   7.2000     0.019190    -0.096931
   7.4000     0.019216    -0.097144
   7.6000     0.019259    -0.097364
   7.8000     0.019321    -0.097537
   8.0000     0.019403    -0.097708
   8.2000     0.019457    -0.097887
   8.4000     0.019482    -0.098126
   8.6000     0.019522    -0.098350
   8.8000     0.019581    -0.098535
   9.0000     0.019661    -0.098701
   9.2000     0.019715    -0.098923
   9.4000     0.019739    -0.099192
   9.6000     0.019779    -0.099439
   9.8000     0.019837    -0.099639
  10.0000     0.019913    -0.099806
  10.2000     0.019966    -0.100066
  10.4000     0.019990    -0.100318
  10.6000     0.020030    -0.100533
  10.8000     0.020081    -0.100746
  11.0000     0.020143    -0.100944
  11.2000     0.020175    -0.101285
  11.4000     0.020170    -0.101597
  11.6000     0.020156    -0.101912
  11.8000     0.020130    -0.102208
  12.0000     0.020105    -0.102500
  12.2000     0.020070    -0.102822
  12.4000     0.020025    -0.103194
  12.6000     0.019958    -0.103523
  12.8000     0.019909    -0.103819
  13.0000     0.019879    -0.104026
  13.2000     0.019858    -0.104215
  13.4000     0.019883    -0.104367
  13.6000     0.019900    -0.104530
  13.8000     0.019952    -0.104580
  14.0000     0.020028    -0.104598
  14.2000     0.020120    -0.104573
  14.4000     0.020282    -0.104473
  14.6000     0.020423    -0.104362
  14.8000     0.020610    -0.104198
  15.0000     0.020816    -0.104040
  15.2000     0.021038    -0.103821
  15.4000     0.021294    -0.103554
  15.6000     0.021568    -0.103286
  15.8000     0.021821    -0.103040
  16.0000     0.022117    -0.102761
  16.2000     0.022452    -0.102420
  16.4000     0.022814    -0.102021
  16.6000     0.023125    -0.101709
  16.8000     0.023438    -0.101383
  17.0000     0.023806    -0.100989
  17.2000     0.024143    -0.100628
  17.4000     0.024487    -0.100240
  17.6000     0.024831    -0.099857
  17.8000     0.025197    -0.099452
  18.0000     0.025546    -0.099061
  18.2000     0.025881    -0.098704
  18.4000     0.026220    -0.098324
  18.6000     0.026575    -0.097930
  18.8000     0.026897    -0.097544
  19.0000     0.027200    -0.097182
  19.2000     0.027505    -0.096786
  19.4000     0.027807    -0.096402
  19.6000     0.028099    -0.096001
  19.8000     0.028356    -0.095628
  20.0000     0.028634    -0.095235
  20.2000     0.028885    -0.094834
  20.4000     0.029133    -0.094425
  20.6000     0.029373    -0.094009
  20.8000     0.029597    -0.093599
  21.0000     0.029827    -0.093179
  21.2000     0.030036    -0.092743
  21.4000     0.030245    -0.092268
  21.6000     0.030430    -0.091806
  21.8000     0.030606    -0.091341
  22.0000     0.030780    -0.090860
  22.2000     0.030942    -0.090369
  22.4000     0.031095    -0.089891
  22.6000     0.031218    -0.089426
  22.8000     0.031349    -0.088940
  23.0000     0.031488    -0.088409
  23.2000     0.031603    -0.087876
  23.4000     0.031718    -0.087343
  23.6000     0.031798    -0.086846
  23.8000     0.031887    -0.086316
  24.0000     0.031958    -0.085792
  24.2000     0.032044    -0.085237
  24.4000     0.032107    -0.084695
  24.6000     0.032150    -0.084182
  24.8000     0.032204    -0.083630
  25.0000     0.032253    -0.083077
  25.2000     0.032282    -0.082525
  25.4000     0.032298    -0.081994
  25.6000     0.032314    -0.081430
  25.8000     0.032323    -0.080899
  26.0000     0.032338    -0.080356
  26.2000     0.032335    -0.079830
  26.4000     0.032330    -0.079293
  26.6000     0.032322    -0.078751
  26.8000     0.032304    -0.078239
  27.0000     0.032290    -0.077683
  27.2000     0.032265    -0.077160
  27.4000     0.032237    -0.076643
  27.6000     0.032214    -0.076081
  27.8000     0.032189    -0.075544
  28.0000     0.032148    -0.075022
  28.2000     0.032110    -0.074470
  28.4000     0.032075    -0.073935
  28.6000     0.032030    -0.073396
  28.8000     0.031982    -0.072870
  29.0000     0.031927    -0.072358
  29.2000     0.031873    -0.071827
  29.4000     0.031823    -0.071309
  29.6000     0.031767    -0.070795
  29.8000     0.031707    -0.070275
  30.0000     0.031638    -0.069778
  30.0000     0.031752    -0.069650
   0.0000     0.017972    -0.094100
   0.2000     0.017965    -0.094090
   0.4000     0.017980    -0.094057
   0.6000     0.018008    -0.094022
   0.8000     0.018047    -0.093988
   1.0000     0.018060    -0.093995
   1.2000     0.018045    -0.094036
   1.4000     0.018050    -0.094081
   1.6000     0.018077    -0.094095
   1.8000     0.018123    -0.094095
   2.0000     0.018145    -0.094141
   2.2000     0.018138    -0.094241
   2.4000     0.018152    -0.094316
   2.6000     0.018187    -0.094346
   2.8000     0.018243    -0.094373
   3.0000     0.018273    -0.094427
   3.2000     0.018275    -0.094540
   3.4000     0.018295    -0.094633
   3.6000     0.018338    -0.094700
   3.8000     0.018402    -0.094738
   4.0000     0.018440    -0.094835
   4.2000     0.018450    -0.094982
   4.4000     0.018478    -0.095107
   4.6000     0.018529    -0.095192
   4.8000     0.018592    -0.095282
   5.0000     0.018665    -0.095370
   5.2000     0.018712    -0.095498
   5.4000     0.018730    -0.095680
   5.6000     0.018768    -0.095832
   5.8000     0.018827    -0.095950
   6.0000     0.018906    -0.096044
   6.2000     0.018958    -0.096197
   6.4000     0.018981    -0.096418
   6.6000     0.019024    -0.096600
   6.8000     0.019087    -0.096743
   7.0000     0.019169    -0.096881
   7.2000     0.019224    -0.097063
   7.4000     0.019249    -0.097297
   7.6000     0.019293    -0.097501
   7.8000     0.019357    -0.097690
   8.0000     0.019440    -0.097843
   8.2000     0.019495    -0.098039
   8.4000     0.019520    -0.098291
   8.6000     0.019563    -0.098520
   8.8000     0.019624    -0.098728
   9.0000     0.019703    -0.098911
   9.2000     0.019758    -0.099143
   9.4000     0.019781    -0.099410
   9.6000     0.019823    -0.099640
   9.8000     0.019881    -0.099845
  10.0000     0.019955    -0.100039
  10.2000     0.020008    -0.100301
  10.4000     0.020030    -0.100559
  10.6000     0.020069    -0.100779
  10.8000     0.020125    -0.100986
  11.0000     0.020194    -0.101177
  11.2000     0.020226    -0.101519
  11.4000     0.020225    -0.101827
  11.6000     0.020206    -0.102135
  11.8000     0.020186    -0.102438
  12.0000     0.020154    -0.102757
  12.2000     0.020130    -0.103039
  12.4000     0.020088    -0.103445
  12.6000     0.020027    -0.103769
  12.8000     0.019973    -0.104025
  13.0000     0.019954    -0.104241
  13.2000     0.019968    -0.104405
  13.4000     0.019977    -0.104587
  13.6000     0.019976    -0.104731
  13.8000     0.020007    -0.104833
  14.0000     0.020082    -0.104852
  14.2000     0.020172    -0.104870
  14.4000     0.020292    -0.104829
  14.6000     0.020448    -0.104719
  14.8000     0.020631    -0.104584
  15.0000     0.020848    -0.104410
  15.2000     0.021068    -0.104215
  15.4000     0.021332    -0.103955
  15.6000     0.021601    -0.103689
  15.8000     0.021841    -0.103435
  16.0000     0.022140    -0.103131
  16.2000     0.022446    -0.102799
  16.4000     0.022775    -0.102443
  16.6000     0.023134    -0.102050
  16.8000     0.023455    -0.101705
  17.0000     0.023785    -0.101333
  17.2000     0.024136    -0.100975
  17.4000     0.024490    -0.100599
  17.6000     0.024833    -0.100220
  17.8000     0.025180    -0.099826
  18.0000     0.025531    -0.099432
  18.2000     0.025874    -0.099023
  18.4000     0.026191    -0.098650
  18.6000     0.026542    -0.098256
  18.8000     0.026856    -0.097855
  19.0000     0.027172    -0.097475
  19.2000     0.027504    -0.097067
  19.4000     0.027794    -0.096688
  19.6000     0.028081    -0.096291
  19.8000     0.028390    -0.095848
  20.0000     0.028646    -0.095447
  20.2000     0.028905    -0.095050
  20.4000     0.029178    -0.094636
  20.6000     0.029407    -0.094213
  20.8000     0.029649    -0.093772
  21.0000     0.029848    -0.093354
  21.2000     0.030052    -0.092891
  21.4000     0.030256    -0.092415
  21.6000     0.030440    -0.091951
  21.8000     0.030626    -0.091462
  22.0000     0.030792    -0.090994
  22.2000     0.030961    -0.090499
  22.4000     0.031101    -0.090015
  22.6000     0.031258    -0.089502
  22.8000     0.031400    -0.088997
  23.0000     0.031524    -0.088497
  23.2000     0.031651    -0.087950
  23.4000     0.031753    -0.087426
  23.6000     0.031840    -0.086906
  23.8000     0.031933    -0.086365
  24.0000     0.032015    -0.085817
  24.2000     0.032108    -0.085254
  24.4000     0.032166    -0.084727
  24.6000     0.032221    -0.084192
  24.8000     0.032279    -0.083626
  25.0000     0.032314    -0.083083
  25.2000     0.032353    -0.082543
  25.4000     0.032390    -0.081971
  25.6000     0.032421    -0.081417
  25.8000     0.032437    -0.080863
  26.0000     0.032450    -0.080292
  26.2000     0.032457    -0.079739
  26.4000     0.032463    -0.079191
  26.6000     0.032464    -0.078627
  26.8000     0.032454    -0.078089
  27.0000     0.032435    -0.077558
  27.2000     0.032414    -0.077017
  27.4000     0.032388    -0.076483
  27.6000     0.032366    -0.075935
  27.8000     0.032346    -0.075386
  28.0000     0.032313    -0.074855
  28.2000     0.032267    -0.074309
  28.4000     0.032223    -0.073778
  28.6000     0.032176    -0.073238
  28.8000     0.032126    -0.072712
  29.0000     0.032074    -0.072186
  29.2000     0.032025    -0.071662
  29.4000     0.031975    -0.071133
  29.6000     0.031914    -0.070606
  29.8000     0.031858    -0.070082
  30.0000     0.031802    -0.069556
  30.0000     0.031926    -0.069413
   0.0000     0.017944    -0.094092
   0.2000     0.017937    -0.094074
   0.4000     0.017951    -0.094039
   0.6000     0.017979    -0.094014
   0.8000     0.018018    -0.093958
   1.0000     0.018031    -0.093967
   1.2000     0.018016    -0.094027
   1.4000     0.018020    -0.094063
   1.6000     0.018047    -0.094066
   1.8000     0.018093    -0.094056
   2.0000     0.018115    -0.094099
   2.2000     0.018108    -0.094170
   2.4000     0.018121    -0.094227
   2.6000     0.018156    -0.094272
   2.8000     0.018211    -0.094284
   3.0000     0.018241    -0.094341
   3.2000     0.018243    -0.094450
   3.4000     0.018264    -0.094541
   3.6000     0.018306    -0.094603
   3.8000     0.018369    -0.094644
   4.0000     0.018408    -0.094734
   4.2000     0.018417    -0.094855
   4.4000     0.018445    -0.094982
   4.6000     0.018495    -0.095077
   4.8000     0.018558    -0.095180
   5.0000     0.018632    -0.095249
   5.2000     0.018679    -0.095374
   5.4000     0.018697    -0.095543
   5.6000     0.018735    -0.095690
   5.8000     0.018794    -0.095814
   6.0000     0.018872    -0.095913
   6.2000     0.018924    -0.096068
   6.4000     0.018946    -0.096262
   6.6000     0.018989    -0.096446
   6.8000     0.019052    -0.096606
   7.0000     0.019133    -0.096738
   7.2000     0.019188    -0.096911
   7.4000     0.019214    -0.097149
   7.6000     0.019257    -0.097355
   7.8000     0.019321    -0.097534
   8.0000     0.019404    -0.097684
   8.2000     0.019459    -0.097893
   8.4000     0.019482    -0.098141
   8.6000     0.019524    -0.098373
   8.8000     0.019585    -0.098548
   9.0000     0.019666    -0.098706
   9.2000     0.019721    -0.098944
   9.4000     0.019745    -0.099206
   9.6000     0.019788    -0.099429
   9.8000     0.019847    -0.099638
  10.0000     0.019926    -0.099808
  10.2000     0.019980    -0.100073
  10.4000     0.020007    -0.100334
  10.6000     0.020046    -0.100585
  10.8000     0.020102    -0.100797
  11.0000     0.020167    -0.100990
  11.2000     0.020204    -0.101334
  11.4000     0.020203    -0.101642
  11.6000     0.020190    -0.101902
  11.8000     0.020165    -0.102227
  12.0000     0.020142    -0.102520
  12.2000     0.020113    -0.102842
  12.4000     0.020066    -0.103237
  12.6000     0.019994    -0.103572
  12.8000     0.019944    -0.103853
  13.0000     0.019911    -0.104092
  13.2000     0.019887    -0.104285
  13.4000     0.019902    -0.104485
  13.6000     0.019914    -0.104627
  13.8000     0.019957    -0.104706
  14.0000     0.020021    -0.104749
  14.2000     0.020131    -0.104719
  14.4000     0.020270    -0.104661
  14.6000     0.020435    -0.104551
  14.8000     0.020616    -0.104415
  15.0000     0.020850    -0.104217
  15.2000     0.021072    -0.104024
  15.4000     0.021315    -0.103820
  15.6000     0.021577    -0.103560
  15.8000     0.021871    -0.103275
  16.0000     0.022166    -0.102965
  16.2000     0.022482    -0.102664
  16.4000     0.022763    -0.102381
  16.6000     0.023129    -0.102003
  16.8000     0.023484    -0.101637
  17.0000     0.023850    -0.101256
  17.2000     0.024193    -0.100894
  17.4000     0.024544    -0.100533
  17.6000     0.024882    -0.100148
  17.8000     0.025238    -0.099748
  18.0000     0.025584    -0.099369
  18.2000     0.025918    -0.099010
  18.4000     0.026261    -0.098613
  18.6000     0.026600    -0.098219
  18.8000     0.026921    -0.097834
  19.0000     0.027224    -0.097472
  19.2000     0.027516    -0.097101
  19.4000     0.027831    -0.096704
  19.6000     0.028138    -0.096305
  19.8000     0.028414    -0.095924
  20.0000     0.028728    -0.095476
  20.2000     0.028996    -0.095058
  20.4000     0.029270    -0.094604
  20.6000     0.029493    -0.094224
  20.8000     0.029725    -0.093793
  21.0000     0.029949    -0.093358
  21.2000     0.030166    -0.092914
  21.4000     0.030370    -0.092450
  21.6000     0.030568    -0.091966
  21.8000     0.030742    -0.091512
  22.0000     0.030925    -0.091047
  22.2000     0.031096    -0.090548
  22.4000     0.031246    -0.090060
  22.6000     0.031380    -0.089580
  22.8000     0.031504    -0.089073
  23.0000     0.031633    -0.088549
  23.2000     0.031744    -0.088047
  23.4000     0.031859    -0.087526
  23.6000     0.031963    -0.086980
  23.8000     0.032051    -0.086441
  24.0000     0.032134    -0.085898
  24.2000     0.032214    -0.085361
  24.4000     0.032257    -0.084829
  24.6000     0.032306    -0.084281
  24.8000     0.032352    -0.083748
  25.0000     0.032411    -0.083176
  25.2000     0.032445    -0.082618
  25.4000     0.032490    -0.082059
  25.6000     0.032507    -0.081524
  25.8000     0.032547    -0.080933
  26.0000     0.032563    -0.080387
  26.2000     0.032574    -0.079816
  26.4000     0.032568    -0.079254
  26.6000     0.032554    -0.078716
  26.8000     0.032541    -0.078152
  27.0000     0.032531    -0.077597
  27.2000     0.032512    -0.077059
  27.4000     0.032483    -0.076509
  27.6000     0.032456    -0.075947
  27.8000     0.032427    -0.075406
  28.0000     0.032381    -0.074867
  28.2000     0.032344    -0.074310
  28.4000     0.032296    -0.073773
  28.6000     0.032247    -0.073234
  28.8000     0.032205    -0.072698
  29.0000     0.032157    -0.072142
  29.2000     0.032101    -0.071614
  29.4000     0.032042    -0.071083
  29.6000     0.031979    -0.070550
  29.8000     0.031921    -0.070017
  30.0000     0.031860    -0.069490
  30.0000     0.031987    -0.069349
   0.0000     0.017965    -0.094095
   0.2000     0.017959    -0.094098
   0.4000     0.017974    -0.094065
   0.6000     0.018001    -0.094042
   0.8000     0.018041    -0.094000
   1.0000     0.018054    -0.094009
   1.2000     0.018039    -0.094074
   1.4000     0.018044    -0.094117
   1.6000     0.018071    -0.094132
   1.8000     0.018118    -0.094125
   2.0000     0.018140    -0.094173
   2.2000     0.018134    -0.094276
   2.4000     0.018148    -0.094331
   2.6000     0.018183    -0.094352
   2.8000     0.018239    -0.094377
   3.0000     0.018269    -0.094429
   3.2000     0.018271    -0.094538
   3.4000     0.018292    -0.094624
   3.6000     0.018335    -0.094673
   3.8000     0.018399    -0.094710
   4.0000     0.018437    -0.094807
   4.2000     0.018447    -0.094967
   4.4000     0.018475    -0.095092
   4.6000     0.018525    -0.095167
   4.8000     0.018588    -0.095262
   5.0000     0.018662    -0.095331
   5.2000     0.018709    -0.095463
   5.4000     0.018727    -0.095631
   5.6000     0.018765    -0.095792
   5.8000     0.018823    -0.095924
   6.0000     0.018901    -0.096029
   6.2000     0.018953    -0.096184
   6.4000     0.018976    -0.096389
   6.6000     0.019018    -0.096570
   6.8000     0.019081    -0.096712
   7.0000     0.019163    -0.096844
   7.2000     0.019217    -0.097037
   7.4000     0.019242    -0.097257
   7.6000     0.019285    -0.097463
   7.8000     0.019348    -0.097636
   8.0000     0.019431    -0.097787
   8.2000     0.019486    -0.098012
   8.4000     0.019512    -0.098248
   8.6000     0.019553    -0.098477
   8.8000     0.019614    -0.098660
   9.0000     0.019695    -0.098839
   9.2000     0.019748    -0.099071
   9.4000     0.019772    -0.099328
   9.6000     0.019813    -0.099571
   9.8000     0.019870    -0.099760
  10.0000     0.019949    -0.099937
  10.2000     0.020002    -0.100208
  10.4000     0.020027    -0.100477
  10.6000     0.020068    -0.100704
  10.8000     0.020116    -0.100923
  11.0000     0.020186    -0.101122
  11.2000     0.020217    -0.101468
  11.4000     0.020205    -0.101779
  11.6000     0.020192    -0.102044
  11.8000     0.020171    -0.102359
  12.0000     0.020146    -0.102657
  12.2000     0.020134    -0.102939
  12.4000     0.020080    -0.103361
  12.6000     0.020033    -0.103639
  12.8000     0.019977    -0.103911
  13.0000     0.019932    -0.104151
  13.2000     0.019927    -0.104330
  13.4000     0.019939    -0.104504
  13.6000     0.019958    -0.104598
  13.8000     0.020027    -0.104623
  14.0000     0.020082    -0.104669
  14.2000     0.020202    -0.104611
  14.4000     0.020330    -0.104568
  14.6000     0.020485    -0.104479
  14.8000     0.020672    -0.104318
  15.0000     0.020883    -0.104137
  15.2000     0.021122    -0.103919
  15.4000     0.021347    -0.103697
  15.6000     0.021625    -0.103439
  15.8000     0.021893    -0.103181
  16.0000     0.022186    -0.102870
  16.2000     0.022499    -0.102558
  16.4000     0.022836    -0.102197
  16.6000     0.023158    -0.101846
  16.8000     0.023467    -0.101521
  17.0000     0.023801    -0.101170
  17.2000     0.024139    -0.100806
  17.4000     0.024483    -0.100459
  17.6000     0.024833    -0.100095
  17.8000     0.025182    -0.099710
  18.0000     0.025555    -0.099299
  18.2000     0.025889    -0.098929
  18.4000     0.026224    -0.098548
  18.6000     0.026585    -0.098141
  18.8000     0.026911    -0.097740
  19.0000     0.027233    -0.097349
  19.2000     0.027515    -0.096994
  19.4000     0.027807    -0.096615
  19.6000     0.028093    -0.096229
  19.8000     0.028373    -0.095837
  20.0000     0.028670    -0.095417
  20.2000     0.028916    -0.095026
  20.4000     0.029186    -0.094591
  20.6000     0.029427    -0.094176
  20.8000     0.029661    -0.093742
  21.0000     0.029887    -0.093310
  21.2000     0.030116    -0.092860
  21.4000     0.030330    -0.092399
  21.6000     0.030546    -0.091911
  21.8000     0.030717    -0.091451
  22.0000     0.030893    -0.090963
  22.2000     0.031050    -0.090483
  22.4000     0.031226    -0.089953
  22.6000     0.031369    -0.089452
  22.8000     0.031517    -0.088934
  23.0000     0.031636    -0.088441
  23.2000     0.031736    -0.087958
  23.4000     0.031852    -0.087433
  23.6000     0.031934    -0.086923
  23.8000     0.032020    -0.086397
  24.0000     0.032076    -0.085881
  24.2000     0.032142    -0.085336
  24.4000     0.032204    -0.084796
  24.6000     0.032250    -0.084284
  24.8000     0.032314    -0.083722
  25.0000     0.032363    -0.083184
  25.2000     0.032403    -0.082636
  25.4000     0.032431    -0.082069
  25.6000     0.032458    -0.081521
  25.8000     0.032467    -0.080995
  26.0000     0.032462    -0.080456
  26.2000     0.032463    -0.079911
  26.4000     0.032456    -0.079373
  26.6000     0.032450    -0.078833
  26.8000     0.032441    -0.078266
  27.0000     0.032434    -0.077724
  27.2000     0.032420    -0.077177
  27.4000     0.032397    -0.076628
  27.6000     0.032372    -0.076070
  27.8000     0.032340    -0.075532
  28.0000     0.032297    -0.075001
  28.2000     0.032272    -0.074454
  28.4000     0.032228    -0.073903
  28.6000     0.032176    -0.073374
  28.8000     0.032121    -0.072851
  29.0000     0.032079    -0.072314
  29.2000     0.032020    -0.071773
  29.4000     0.031958    -0.071263
  29.6000     0.031899    -0.070748
  29.8000     0.031833    -0.070230
  30.0000     0.031771    -0.069697
  30.0000     0.031894    -0.069567
