 # time N_2body(integrated) N_2body(timestep)
  2.000000E-01  0.000000E+00  0.000000E+00
  4.000000E-01  0.000000E+00  0.000000E+00
  6.000000E-01  0.000000E+00  0.000000E+00
  8.000000E-01  0.000000E+00  0.000000E+00
  1.000000E+00  0.000000E+00  0.000000E+00
  1.200000E+00  0.000000E+00  0.000000E+00
  1.400000E+00  0.000000E+00  0.000000E+00
  1.600000E+00  0.000000E+00  0.000000E+00
  1.800000E+00  0.000000E+00  0.000000E+00
  2.000000E+00  0.000000E+00  0.000000E+00
  2.200000E+00  0.000000E+00  0.000000E+00
  2.400000E+00  0.000000E+00  0.000000E+00
  2.600000E+00  0.000000E+00  0.000000E+00
  2.800000E+00  0.000000E+00  0.000000E+00
  3.000000E+00  0.000000E+00  0.000000E+00
  3.200000E+00  0.000000E+00  0.000000E+00
  3.400000E+00  0.000000E+00  0.000000E+00
  3.600000E+00  0.000000E+00  0.000000E+00
  3.800000E+00  1.000000E-04  1.000000E-04
  4.000000E+00  1.000000E-04  0.000000E+00
  4.200000E+00  1.000000E-04  0.000000E+00
  4.400000E+00  1.000000E-04  0.000000E+00
  4.600000E+00  1.000000E-04  0.000000E+00
  4.800000E+00  2.000000E-04  1.000000E-04
  5.000000E+00  2.000000E-04  0.000000E+00
  5.200000E+00  2.000000E-04  0.000000E+00
  5.400000E+00  2.000000E-04  0.000000E+00
  5.600000E+00  2.000000E-04  0.000000E+00
  5.800000E+00  2.000000E-04  0.000000E+00
  6.000000E+00  2.000000E-04  0.000000E+00
  6.200000E+00  2.000000E-04  0.000000E+00
  6.400000E+00  2.000000E-04  0.000000E+00
  6.600000E+00  2.000000E-04  0.000000E+00
  6.800000E+00  2.000000E-04  0.000000E+00
  7.000000E+00  3.000000E-04  1.000000E-04
  7.200000E+00  3.000000E-04  0.000000E+00
  7.400000E+00  3.000000E-04  0.000000E+00
  7.600000E+00  3.000000E-04  0.000000E+00
  7.800000E+00  5.000000E-04  2.000000E-04
  8.000000E+00  6.000000E-04  1.000000E-04
  8.200000E+00  7.000000E-04  1.000000E-04
  8.400000E+00  7.000000E-04  0.000000E+00
  8.600000E+00  7.000000E-04  0.000000E+00
  8.800000E+00  8.000000E-04  1.000000E-04
  9.000000E+00  8.000000E-04  0.000000E+00
  9.200000E+00  8.000000E-04  0.000000E+00
  9.400000E+00  8.000000E-04  0.000000E+00
  9.600000E+00  1.200000E-03  4.000000E-04
  9.800000E+00  1.500000E-03  3.000000E-04
  1.000000E+01  1.700000E-03  2.000000E-04
  1.020000E+01  1.700000E-03  0.000000E+00
  1.040000E+01  2.200000E-03  5.000000E-04
  1.060000E+01  2.400000E-03  2.000000E-04
  1.080000E+01  3.000000E-03  6.000000E-04
  1.100000E+01  3.900000E-03  9.000000E-04
  1.120000E+01  4.000000E-03  1.000000E-04
  1.140000E+01  4.100000E-03  1.000000E-04
  1.160000E+01  4.700000E-03  6.000000E-04
  1.180000E+01  5.300000E-03  6.000000E-04
  1.200000E+01  6.000000E-03  7.000000E-04
  1.220000E+01  7.300000E-03  1.300000E-03
  1.240000E+01  8.900000E-03  1.600000E-03
  1.260000E+01  9.700000E-03  8.000000E-04
  1.280000E+01  1.060000E-02  9.000000E-04
  1.300000E+01  1.160000E-02  1.000000E-03
  1.320000E+01  1.300000E-02  1.400000E-03
  1.340000E+01  1.440000E-02  1.400000E-03
  1.360000E+01  1.560000E-02  1.200000E-03
  1.380000E+01  1.660000E-02  1.000000E-03
  1.400000E+01  1.800000E-02  1.400000E-03
  1.420000E+01  1.980000E-02  1.800000E-03
  1.440000E+01  2.260000E-02  2.800000E-03
  1.460000E+01  2.620000E-02  3.600000E-03
  1.480000E+01  2.990000E-02  3.700000E-03
  1.500000E+01  3.430000E-02  4.400000E-03
  1.520000E+01  4.160000E-02  7.300000E-03
  1.540000E+01  5.240000E-02  1.080000E-02
  1.560000E+01  6.400000E-02  1.160000E-02
  1.580000E+01  8.050000E-02  1.650000E-02
  1.600000E+01  9.500000E-02  1.450000E-02
  1.620000E+01  1.148000E-01  1.980000E-02
  1.640000E+01  1.397000E-01  2.490000E-02
  1.660000E+01  1.672000E-01  2.750000E-02
  1.680000E+01  1.980000E-01  3.080000E-02
  1.700000E+01  2.305000E-01  3.250000E-02
  1.720000E+01  2.719000E-01  4.140000E-02
  1.740000E+01  3.190000E-01  4.710000E-02
  1.760000E+01  3.766000E-01  5.760000E-02
  1.780000E+01  4.409000E-01  6.430000E-02
  1.800000E+01  5.094000E-01  6.850000E-02
  1.820000E+01  5.828000E-01  7.340000E-02
  1.840000E+01  6.796000E-01  9.680000E-02
  1.860000E+01  7.801000E-01  1.005000E-01
  1.880000E+01  8.848000E-01  1.047000E-01
  1.900000E+01  1.000700E+00  1.159000E-01
  1.920000E+01  1.128900E+00  1.282000E-01
  1.940000E+01  1.253300E+00  1.244000E-01
  1.960000E+01  1.395900E+00  1.426000E-01
  1.980000E+01  1.554100E+00  1.582000E-01
  2.000000E+01  1.723600E+00  1.695000E-01
  2.020000E+01  1.895400E+00  1.718000E-01
  2.040000E+01  2.072400E+00  1.770000E-01
  2.060000E+01  2.257800E+00  1.854000E-01
  2.080000E+01  2.444600E+00  1.868000E-01
  2.100000E+01  2.652000E+00  2.074000E-01
  2.120000E+01  2.862200E+00  2.102000E-01
  2.140000E+01  3.072900E+00  2.107000E-01
  2.160000E+01  3.293200E+00  2.203000E-01
  2.180000E+01  3.517600E+00  2.244000E-01
  2.200000E+01  3.742100E+00  2.245000E-01
  2.220000E+01  3.984800E+00  2.427000E-01
  2.240000E+01  4.222200E+00  2.374000E-01
  2.260000E+01  4.450800E+00  2.286000E-01
  2.280000E+01  4.687900E+00  2.371000E-01
  2.300000E+01  4.931600E+00  2.437000E-01
  2.320000E+01  5.168000E+00  2.364000E-01
  2.340000E+01  5.424800E+00  2.568000E-01
  2.360000E+01  5.669100E+00  2.443000E-01
  2.380000E+01  5.925600E+00  2.565000E-01
  2.400000E+01  6.179700E+00  2.541000E-01
  2.420000E+01  6.435300E+00  2.556000E-01
  2.440000E+01  6.681100E+00  2.458000E-01
  2.460000E+01  6.927300E+00  2.462000E-01
  2.480000E+01  7.178900E+00  2.516000E-01
  2.500000E+01  7.421500E+00  2.426000E-01
  2.520000E+01  7.669200E+00  2.477000E-01
  2.540000E+01  7.904300E+00  2.351000E-01
  2.560000E+01  8.143700E+00  2.394000E-01
  2.580000E+01  8.377800E+00  2.341000E-01
  2.600000E+01  8.620600E+00  2.428000E-01
  2.620000E+01  8.852000E+00  2.314000E-01
  2.640000E+01  9.079600E+00  2.276000E-01
  2.660000E+01  9.308200E+00  2.286000E-01
  2.680000E+01  9.531800E+00  2.236000E-01
  2.700000E+01  9.752000E+00  2.202000E-01
  2.720000E+01  9.975000E+00  2.230000E-01
  2.740000E+01  1.019940E+01  2.244000E-01
  2.760000E+01  1.041180E+01  2.124000E-01
  2.780000E+01  1.062940E+01  2.176000E-01
  2.800000E+01  1.085000E+01  2.206000E-01
  2.820000E+01  1.106710E+01  2.171000E-01
  2.840000E+01  1.127390E+01  2.068000E-01
  2.860000E+01  1.147620E+01  2.023000E-01
  2.880000E+01  1.169000E+01  2.138000E-01
  2.900000E+01  1.189860E+01  2.086000E-01
  2.920000E+01  1.210320E+01  2.046000E-01
  2.940000E+01  1.230840E+01  2.052000E-01
  2.960000E+01  1.250560E+01  1.972000E-01
  2.980000E+01  1.269760E+01  1.920000E-01
  3.000000E+01  1.289050E+01  1.929000E-01
  2.000000E-01  0.000000E+00  0.000000E+00
  4.000000E-01  0.000000E+00  0.000000E+00
  6.000000E-01  0.000000E+00  0.000000E+00
  8.000000E-01  0.000000E+00  0.000000E+00
  1.000000E+00  0.000000E+00  0.000000E+00
  1.200000E+00  0.000000E+00  0.000000E+00
  1.400000E+00  0.000000E+00  0.000000E+00
  1.600000E+00  0.000000E+00  0.000000E+00
  1.800000E+00  0.000000E+00  0.000000E+00
  2.000000E+00  0.000000E+00  0.000000E+00
  2.200000E+00  0.000000E+00  0.000000E+00
  2.400000E+00  0.000000E+00  0.000000E+00
  2.600000E+00  0.000000E+00  0.000000E+00
  2.800000E+00  0.000000E+00  0.000000E+00
  3.000000E+00  0.000000E+00  0.000000E+00
  3.200000E+00  0.000000E+00  0.000000E+00
  3.400000E+00  0.000000E+00  0.000000E+00
  3.600000E+00  0.000000E+00  0.000000E+00
  3.800000E+00  0.000000E+00  0.000000E+00
  4.000000E+00  0.000000E+00  0.000000E+00
  4.200000E+00  0.000000E+00  0.000000E+00
  4.400000E+00  0.000000E+00  0.000000E+00
  4.600000E+00  0.000000E+00  0.000000E+00
  4.800000E+00  0.000000E+00  0.000000E+00
  5.000000E+00  0.000000E+00  0.000000E+00
  5.200000E+00  0.000000E+00  0.000000E+00
  5.400000E+00  0.000000E+00  0.000000E+00
  5.600000E+00  0.000000E+00  0.000000E+00
  5.800000E+00  0.000000E+00  0.000000E+00
  6.000000E+00  0.000000E+00  0.000000E+00
  6.200000E+00  0.000000E+00  0.000000E+00
  6.400000E+00  0.000000E+00  0.000000E+00
  6.600000E+00  0.000000E+00  0.000000E+00
  6.800000E+00  0.000000E+00  0.000000E+00
  7.000000E+00  0.000000E+00  0.000000E+00
  7.200000E+00  1.000000E-04  1.000000E-04
  7.400000E+00  2.000000E-04  1.000000E-04
  7.600000E+00  3.000000E-04  1.000000E-04
  7.800000E+00  4.000000E-04  1.000000E-04
  8.000000E+00  4.000000E-04  0.000000E+00
  8.200000E+00  5.000000E-04  1.000000E-04
  8.400000E+00  6.000000E-04  1.000000E-04
  8.600000E+00  7.000000E-04  1.000000E-04
  8.800000E+00  7.000000E-04  0.000000E+00
  9.000000E+00  8.000000E-04  1.000000E-04
  9.200000E+00  8.000000E-04  0.000000E+00
  9.400000E+00  9.000000E-04  1.000000E-04
  9.600000E+00  1.100000E-03  2.000000E-04
  9.800000E+00  1.500000E-03  4.000000E-04
  1.000000E+01  1.700000E-03  2.000000E-04
  1.020000E+01  2.200000E-03  5.000000E-04
  1.040000E+01  2.600000E-03  4.000000E-04
  1.060000E+01  3.000000E-03  4.000000E-04
  1.080000E+01  3.300000E-03  3.000000E-04
  1.100000E+01  3.500000E-03  2.000000E-04
  1.120000E+01  3.700000E-03  2.000000E-04
  1.140000E+01  4.500000E-03  8.000000E-04
  1.160000E+01  5.400000E-03  9.000000E-04
  1.180000E+01  6.000000E-03  6.000000E-04
  1.200000E+01  6.400000E-03  4.000000E-04
  1.220000E+01  7.000000E-03  6.000000E-04
  1.240000E+01  8.200000E-03  1.200000E-03
  1.260000E+01  8.900000E-03  7.000000E-04
  1.280000E+01  1.040000E-02  1.500000E-03
  1.300000E+01  1.110000E-02  7.000000E-04
  1.320000E+01  1.160000E-02  5.000000E-04
  1.340000E+01  1.230000E-02  7.000000E-04
  1.360000E+01  1.340000E-02  1.100000E-03
  1.380000E+01  1.450000E-02  1.100000E-03
  1.400000E+01  1.610000E-02  1.600000E-03
  1.420000E+01  1.740000E-02  1.300000E-03
  1.440000E+01  1.880000E-02  1.400000E-03
  1.460000E+01  2.080000E-02  2.000000E-03
  1.480000E+01  2.340000E-02  2.600000E-03
  1.500000E+01  2.590000E-02  2.500000E-03
  1.520000E+01  3.070000E-02  4.800000E-03
  1.540000E+01  3.520000E-02  4.500000E-03
  1.560000E+01  4.150000E-02  6.300000E-03
  1.580000E+01  4.960000E-02  8.100000E-03
  1.600000E+01  6.090000E-02  1.130000E-02
  1.620000E+01  7.880000E-02  1.790000E-02
  1.640000E+01  1.018000E-01  2.300000E-02
  1.660000E+01  1.285000E-01  2.670000E-02
  1.680000E+01  1.593000E-01  3.080000E-02
  1.700000E+01  1.960000E-01  3.670000E-02
  1.720000E+01  2.375000E-01  4.150000E-02
  1.740000E+01  2.858000E-01  4.830000E-02
  1.760000E+01  3.433000E-01  5.750000E-02
  1.780000E+01  4.030000E-01  5.970000E-02
  1.800000E+01  4.716000E-01  6.860000E-02
  1.820000E+01  5.482000E-01  7.660000E-02
  1.840000E+01  6.395000E-01  9.130000E-02
  1.860000E+01  7.373000E-01  9.780000E-02
  1.880000E+01  8.462000E-01  1.089000E-01
  1.900000E+01  9.644000E-01  1.182000E-01
  1.920000E+01  1.096800E+00  1.324000E-01
  1.940000E+01  1.228800E+00  1.320000E-01
  1.960000E+01  1.380900E+00  1.521000E-01
  1.980000E+01  1.539500E+00  1.586000E-01
  2.000000E+01  1.698400E+00  1.589000E-01
  2.020000E+01  1.871300E+00  1.729000E-01
  2.040000E+01  2.050800E+00  1.795000E-01
  2.060000E+01  2.228900E+00  1.781000E-01
  2.080000E+01  2.424500E+00  1.956000E-01
  2.100000E+01  2.627000E+00  2.025000E-01
  2.120000E+01  2.835400E+00  2.084000E-01
  2.140000E+01  3.040200E+00  2.048000E-01
  2.160000E+01  3.255800E+00  2.156000E-01
  2.180000E+01  3.476900E+00  2.211000E-01
  2.200000E+01  3.703800E+00  2.269000E-01
  2.220000E+01  3.945800E+00  2.420000E-01
  2.240000E+01  4.185400E+00  2.396000E-01
  2.260000E+01  4.427500E+00  2.421000E-01
  2.280000E+01  4.667700E+00  2.402000E-01
  2.300000E+01  4.909600E+00  2.419000E-01
  2.320000E+01  5.161700E+00  2.521000E-01
  2.340000E+01  5.406300E+00  2.446000E-01
  2.360000E+01  5.646900E+00  2.406000E-01
  2.380000E+01  5.905400E+00  2.585000E-01
  2.400000E+01  6.155400E+00  2.500000E-01
  2.420000E+01  6.407800E+00  2.524000E-01
  2.440000E+01  6.655700E+00  2.479000E-01
  2.460000E+01  6.901200E+00  2.455000E-01
  2.480000E+01  7.151900E+00  2.507000E-01
  2.500000E+01  7.404300E+00  2.524000E-01
  2.520000E+01  7.646200E+00  2.419000E-01
  2.540000E+01  7.893400E+00  2.472000E-01
  2.560000E+01  8.131700E+00  2.383000E-01
  2.580000E+01  8.374200E+00  2.425000E-01
  2.600000E+01  8.612300E+00  2.381000E-01
  2.620000E+01  8.856500E+00  2.442000E-01
  2.640000E+01  9.093700E+00  2.372000E-01
  2.660000E+01  9.326500E+00  2.328000E-01
  2.680000E+01  9.567600E+00  2.411000E-01
  2.700000E+01  9.799500E+00  2.319000E-01
  2.720000E+01  1.002610E+01  2.266000E-01
  2.740000E+01  1.025320E+01  2.271000E-01
  2.760000E+01  1.048370E+01  2.305000E-01
  2.780000E+01  1.069960E+01  2.159000E-01
  2.800000E+01  1.091970E+01  2.201000E-01
  2.820000E+01  1.112700E+01  2.073000E-01
  2.840000E+01  1.133450E+01  2.075000E-01
  2.860000E+01  1.154160E+01  2.071000E-01
  2.880000E+01  1.174530E+01  2.037000E-01
  2.900000E+01  1.195560E+01  2.103000E-01
  2.920000E+01  1.216190E+01  2.063000E-01
  2.940000E+01  1.236120E+01  1.993000E-01
  2.960000E+01  1.256010E+01  1.989000E-01
  2.980000E+01  1.275070E+01  1.906000E-01
  3.000000E+01  1.293990E+01  1.892000E-01
  2.000000E-01  0.000000E+00  0.000000E+00
  4.000000E-01  0.000000E+00  0.000000E+00
  6.000000E-01  0.000000E+00  0.000000E+00
  8.000000E-01  0.000000E+00  0.000000E+00
  1.000000E+00  0.000000E+00  0.000000E+00
  1.200000E+00  0.000000E+00  0.000000E+00
  1.400000E+00  0.000000E+00  0.000000E+00
  1.600000E+00  0.000000E+00  0.000000E+00
  1.800000E+00  0.000000E+00  0.000000E+00
  2.000000E+00  0.000000E+00  0.000000E+00
  2.200000E+00  0.000000E+00  0.000000E+00
  2.400000E+00  0.000000E+00  0.000000E+00
  2.600000E+00  0.000000E+00  0.000000E+00
  2.800000E+00  0.000000E+00  0.000000E+00
  3.000000E+00  0.000000E+00  0.000000E+00
  3.200000E+00  0.000000E+00  0.000000E+00
  3.400000E+00  0.000000E+00  0.000000E+00
  3.600000E+00  0.000000E+00  0.000000E+00
  3.800000E+00  0.000000E+00  0.000000E+00
  4.000000E+00  0.000000E+00  0.000000E+00
  4.200000E+00  0.000000E+00  0.000000E+00
  4.400000E+00  0.000000E+00  0.000000E+00
  4.600000E+00  0.000000E+00  0.000000E+00
  4.800000E+00  0.000000E+00  0.000000E+00
  5.000000E+00  0.000000E+00  0.000000E+00
  5.200000E+00  0.000000E+00  0.000000E+00
  5.400000E+00  0.000000E+00  0.000000E+00
  5.600000E+00  0.000000E+00  0.000000E+00
  5.800000E+00  1.000000E-04  1.000000E-04
  6.000000E+00  1.000000E-04  0.000000E+00
  6.200000E+00  2.000000E-04  1.000000E-04
  6.400000E+00  3.000000E-04  1.000000E-04
  6.600000E+00  3.000000E-04  0.000000E+00
  6.800000E+00  3.000000E-04  0.000000E+00
  7.000000E+00  3.000000E-04  0.000000E+00
  7.200000E+00  3.000000E-04  0.000000E+00
  7.400000E+00  3.000000E-04  0.000000E+00
  7.600000E+00  3.000000E-04  0.000000E+00
  7.800000E+00  3.000000E-04  0.000000E+00
  8.000000E+00  4.000000E-04  1.000000E-04
  8.200000E+00  4.000000E-04  0.000000E+00
  8.400000E+00  5.000000E-04  1.000000E-04
  8.600000E+00  5.000000E-04  0.000000E+00
  8.800000E+00  5.000000E-04  0.000000E+00
  9.000000E+00  6.000000E-04  1.000000E-04
  9.200000E+00  7.000000E-04  1.000000E-04
  9.400000E+00  8.000000E-04  1.000000E-04
  9.600000E+00  8.000000E-04  0.000000E+00
  9.800000E+00  9.000000E-04  1.000000E-04
  1.000000E+01  1.000000E-03  1.000000E-04
  1.020000E+01  1.000000E-03  0.000000E+00
  1.040000E+01  1.200000E-03  2.000000E-04
  1.060000E+01  1.700000E-03  5.000000E-04
  1.080000E+01  2.200000E-03  5.000000E-04
  1.100000E+01  2.400000E-03  2.000000E-04
  1.120000E+01  2.700000E-03  3.000000E-04
  1.140000E+01  3.200000E-03  5.000000E-04
  1.160000E+01  3.500000E-03  3.000000E-04
  1.180000E+01  4.300000E-03  8.000000E-04
  1.200000E+01  4.900000E-03  6.000000E-04
  1.220000E+01  5.700000E-03  8.000000E-04
  1.240000E+01  6.900000E-03  1.200000E-03
  1.260000E+01  7.700000E-03  8.000000E-04
  1.280000E+01  8.500000E-03  8.000000E-04
  1.300000E+01  9.600000E-03  1.100000E-03
  1.320000E+01  1.020000E-02  6.000000E-04
  1.340000E+01  1.120000E-02  1.000000E-03
  1.360000E+01  1.240000E-02  1.200000E-03
  1.380000E+01  1.460000E-02  2.200000E-03
  1.400000E+01  1.630000E-02  1.700000E-03
  1.420000E+01  1.780000E-02  1.500000E-03
  1.440000E+01  1.960000E-02  1.800000E-03
  1.460000E+01  2.250000E-02  2.900000E-03
  1.480000E+01  2.480000E-02  2.300000E-03
  1.500000E+01  2.980000E-02  5.000000E-03
  1.520000E+01  3.460000E-02  4.800000E-03
  1.540000E+01  4.040000E-02  5.800000E-03
  1.560000E+01  4.910000E-02  8.700000E-03
  1.580000E+01  6.000000E-02  1.090000E-02
  1.600000E+01  7.330000E-02  1.330000E-02
  1.620000E+01  8.920000E-02  1.590000E-02
  1.640000E+01  1.112000E-01  2.200000E-02
  1.660000E+01  1.341000E-01  2.290000E-02
  1.680000E+01  1.612000E-01  2.710000E-02
  1.700000E+01  1.953000E-01  3.410000E-02
  1.720000E+01  2.406000E-01  4.530000E-02
  1.740000E+01  2.845000E-01  4.390000E-02
  1.760000E+01  3.358000E-01  5.130000E-02
  1.780000E+01  3.998000E-01  6.400000E-02
  1.800000E+01  4.659000E-01  6.610000E-02
  1.820000E+01  5.401000E-01  7.420000E-02
  1.840000E+01  6.197000E-01  7.960000E-02
  1.860000E+01  7.097000E-01  9.000000E-02
  1.880000E+01  8.137000E-01  1.040000E-01
  1.900000E+01  9.298000E-01  1.161000E-01
  1.920000E+01  1.047300E+00  1.175000E-01
  1.940000E+01  1.181700E+00  1.344000E-01
  1.960000E+01  1.332200E+00  1.505000E-01
  1.980000E+01  1.491700E+00  1.595000E-01
  2.000000E+01  1.649000E+00  1.573000E-01
  2.020000E+01  1.827700E+00  1.787000E-01
  2.040000E+01  2.009600E+00  1.819000E-01
  2.060000E+01  2.197700E+00  1.881000E-01
  2.080000E+01  2.401100E+00  2.034000E-01
  2.100000E+01  2.606800E+00  2.057000E-01
  2.120000E+01  2.811000E+00  2.042000E-01
  2.140000E+01  3.032800E+00  2.218000E-01
  2.160000E+01  3.259700E+00  2.269000E-01
  2.180000E+01  3.487200E+00  2.275000E-01
  2.200000E+01  3.722800E+00  2.356000E-01
  2.220000E+01  3.957000E+00  2.342000E-01
  2.240000E+01  4.195400E+00  2.384000E-01
  2.260000E+01  4.436000E+00  2.406000E-01
  2.280000E+01  4.670500E+00  2.345000E-01
  2.300000E+01  4.922900E+00  2.524000E-01
  2.320000E+01  5.173500E+00  2.506000E-01
  2.340000E+01  5.423700E+00  2.502000E-01
  2.360000E+01  5.671900E+00  2.482000E-01
  2.380000E+01  5.921800E+00  2.499000E-01
  2.400000E+01  6.180000E+00  2.582000E-01
  2.420000E+01  6.418300E+00  2.383000E-01
  2.440000E+01  6.662800E+00  2.445000E-01
  2.460000E+01  6.911500E+00  2.487000E-01
  2.480000E+01  7.162800E+00  2.513000E-01
  2.500000E+01  7.418400E+00  2.556000E-01
  2.520000E+01  7.673700E+00  2.553000E-01
  2.540000E+01  7.922200E+00  2.485000E-01
  2.560000E+01  8.165600E+00  2.434000E-01
  2.580000E+01  8.409000E+00  2.434000E-01
  2.600000E+01  8.650000E+00  2.410000E-01
  2.620000E+01  8.890700E+00  2.407000E-01
  2.640000E+01  9.127600E+00  2.369000E-01
  2.660000E+01  9.356800E+00  2.292000E-01
  2.680000E+01  9.591900E+00  2.351000E-01
  2.700000E+01  9.825000E+00  2.331000E-01
  2.720000E+01  1.004420E+01  2.192000E-01
  2.740000E+01  1.028390E+01  2.397000E-01
  2.760000E+01  1.050210E+01  2.182000E-01
  2.780000E+01  1.072300E+01  2.209000E-01
  2.800000E+01  1.094380E+01  2.208000E-01
  2.820000E+01  1.115980E+01  2.160000E-01
  2.840000E+01  1.137290E+01  2.131000E-01
  2.860000E+01  1.158880E+01  2.159000E-01
  2.880000E+01  1.179380E+01  2.050000E-01
  2.900000E+01  1.199810E+01  2.043000E-01
  2.920000E+01  1.219950E+01  2.014000E-01
  2.940000E+01  1.240350E+01  2.040000E-01
  2.960000E+01  1.260290E+01  1.994000E-01
  2.980000E+01  1.280080E+01  1.979000E-01
  3.000000E+01  1.300010E+01  1.993000E-01
  2.000000E-01  0.000000E+00  0.000000E+00
  4.000000E-01  0.000000E+00  0.000000E+00
  6.000000E-01  0.000000E+00  0.000000E+00
  8.000000E-01  0.000000E+00  0.000000E+00
  1.000000E+00  0.000000E+00  0.000000E+00
  1.200000E+00  0.000000E+00  0.000000E+00
  1.400000E+00  0.000000E+00  0.000000E+00
  1.600000E+00  0.000000E+00  0.000000E+00
  1.800000E+00  0.000000E+00  0.000000E+00
  2.000000E+00  0.000000E+00  0.000000E+00
  2.200000E+00  0.000000E+00  0.000000E+00
  2.400000E+00  0.000000E+00  0.000000E+00
  2.600000E+00  0.000000E+00  0.000000E+00
  2.800000E+00  0.000000E+00  0.000000E+00
  3.000000E+00  0.000000E+00  0.000000E+00
  3.200000E+00  0.000000E+00  0.000000E+00
  3.400000E+00  0.000000E+00  0.000000E+00
  3.600000E+00  0.000000E+00  0.000000E+00
  3.800000E+00  0.000000E+00  0.000000E+00
  4.000000E+00  0.000000E+00  0.000000E+00
  4.200000E+00  0.000000E+00  0.000000E+00
  4.400000E+00  1.000000E-04  1.000000E-04
  4.600000E+00  1.000000E-04  0.000000E+00
  4.800000E+00  1.000000E-04  0.000000E+00
  5.000000E+00  1.000000E-04  0.000000E+00
  5.200000E+00  1.000000E-04  0.000000E+00
  5.400000E+00  1.000000E-04  0.000000E+00
  5.600000E+00  1.000000E-04  0.000000E+00
  5.800000E+00  1.000000E-04  0.000000E+00
  6.000000E+00  1.000000E-04  0.000000E+00
  6.200000E+00  1.000000E-04  0.000000E+00
  6.400000E+00  1.000000E-04  0.000000E+00
  6.600000E+00  1.000000E-04  0.000000E+00
  6.800000E+00  1.000000E-04  0.000000E+00
  7.000000E+00  1.000000E-04  0.000000E+00
  7.200000E+00  2.000000E-04  1.000000E-04
  7.400000E+00  2.000000E-04  0.000000E+00
  7.600000E+00  3.000000E-04  1.000000E-04
  7.800000E+00  4.000000E-04  1.000000E-04
  8.000000E+00  4.000000E-04  0.000000E+00
  8.200000E+00  5.000000E-04  1.000000E-04
  8.400000E+00  5.000000E-04  0.000000E+00
  8.600000E+00  5.000000E-04  0.000000E+00
  8.800000E+00  8.000000E-04  3.000000E-04
  9.000000E+00  8.000000E-04  0.000000E+00
  9.200000E+00  9.000000E-04  1.000000E-04
  9.400000E+00  1.100000E-03  2.000000E-04
  9.600000E+00  1.200000E-03  1.000000E-04
  9.800000E+00  1.700000E-03  5.000000E-04
  1.000000E+01  1.800000E-03  1.000000E-04
  1.020000E+01  1.900000E-03  1.000000E-04
  1.040000E+01  2.300000E-03  4.000000E-04
  1.060000E+01  2.800000E-03  5.000000E-04
  1.080000E+01  2.900000E-03  1.000000E-04
  1.100000E+01  3.200000E-03  3.000000E-04
  1.120000E+01  3.300000E-03  1.000000E-04
  1.140000E+01  4.100000E-03  8.000000E-04
  1.160000E+01  4.300000E-03  2.000000E-04
  1.180000E+01  4.500000E-03  2.000000E-04
  1.200000E+01  5.400000E-03  9.000000E-04
  1.220000E+01  6.100000E-03  7.000000E-04
  1.240000E+01  6.700000E-03  6.000000E-04
  1.260000E+01  7.900000E-03  1.200000E-03
  1.280000E+01  8.800000E-03  9.000000E-04
  1.300000E+01  9.700000E-03  9.000000E-04
  1.320000E+01  1.040000E-02  7.000000E-04
  1.340000E+01  1.140000E-02  1.000000E-03
  1.360000E+01  1.270000E-02  1.300000E-03
  1.380000E+01  1.390000E-02  1.200000E-03
  1.400000E+01  1.570000E-02  1.800000E-03
  1.420000E+01  1.740000E-02  1.700000E-03
  1.440000E+01  1.920000E-02  1.800000E-03
  1.460000E+01  2.120000E-02  2.000000E-03
  1.480000E+01  2.410000E-02  2.900000E-03
  1.500000E+01  2.820000E-02  4.100000E-03
  1.520000E+01  3.300000E-02  4.800000E-03
  1.540000E+01  3.850000E-02  5.500000E-03
  1.560000E+01  4.860000E-02  1.010000E-02
  1.580000E+01  6.180000E-02  1.320000E-02
  1.600000E+01  7.510000E-02  1.330000E-02
  1.620000E+01  9.420000E-02  1.910000E-02
  1.640000E+01  1.131000E-01  1.890000E-02
  1.660000E+01  1.364000E-01  2.330000E-02
  1.680000E+01  1.660000E-01  2.960000E-02
  1.700000E+01  1.999000E-01  3.390000E-02
  1.720000E+01  2.391000E-01  3.920000E-02
  1.740000E+01  2.833000E-01  4.420000E-02
  1.760000E+01  3.380000E-01  5.470000E-02
  1.780000E+01  4.009000E-01  6.290000E-02
  1.800000E+01  4.680000E-01  6.710000E-02
  1.820000E+01  5.463000E-01  7.830000E-02
  1.840000E+01  6.381000E-01  9.180000E-02
  1.860000E+01  7.342000E-01  9.610000E-02
  1.880000E+01  8.357000E-01  1.015000E-01
  1.900000E+01  9.484000E-01  1.127000E-01
  1.920000E+01  1.077400E+00  1.290000E-01
  1.940000E+01  1.214500E+00  1.371000E-01
  1.960000E+01  1.363900E+00  1.494000E-01
  1.980000E+01  1.515600E+00  1.517000E-01
  2.000000E+01  1.678700E+00  1.631000E-01
  2.020000E+01  1.854200E+00  1.755000E-01
  2.040000E+01  2.043100E+00  1.889000E-01
  2.060000E+01  2.231400E+00  1.883000E-01
  2.080000E+01  2.429400E+00  1.980000E-01
  2.100000E+01  2.635800E+00  2.064000E-01
  2.120000E+01  2.844400E+00  2.086000E-01
  2.140000E+01  3.069000E+00  2.246000E-01
  2.160000E+01  3.286700E+00  2.177000E-01
  2.180000E+01  3.513300E+00  2.266000E-01
  2.200000E+01  3.752200E+00  2.389000E-01
  2.220000E+01  3.993300E+00  2.411000E-01
  2.240000E+01  4.243800E+00  2.505000E-01
  2.260000E+01  4.491600E+00  2.478000E-01
  2.280000E+01  4.732900E+00  2.413000E-01
  2.300000E+01  4.983600E+00  2.507000E-01
  2.320000E+01  5.235300E+00  2.517000E-01
  2.340000E+01  5.481300E+00  2.460000E-01
  2.360000E+01  5.724400E+00  2.431000E-01
  2.380000E+01  5.969000E+00  2.446000E-01
  2.400000E+01  6.224200E+00  2.552000E-01
  2.420000E+01  6.469900E+00  2.457000E-01
  2.440000E+01  6.710500E+00  2.406000E-01
  2.460000E+01  6.952700E+00  2.422000E-01
  2.480000E+01  7.194000E+00  2.413000E-01
  2.500000E+01  7.435100E+00  2.411000E-01
  2.520000E+01  7.684000E+00  2.489000E-01
  2.540000E+01  7.927900E+00  2.439000E-01
  2.560000E+01  8.163400E+00  2.355000E-01
  2.580000E+01  8.393800E+00  2.304000E-01
  2.600000E+01  8.628400E+00  2.346000E-01
  2.620000E+01  8.858100E+00  2.297000E-01
  2.640000E+01  9.084600E+00  2.265000E-01
  2.660000E+01  9.319700E+00  2.351000E-01
  2.680000E+01  9.539400E+00  2.197000E-01
  2.700000E+01  9.745500E+00  2.061000E-01
  2.720000E+01  9.970700E+00  2.252000E-01
  2.740000E+01  1.018970E+01  2.190000E-01
  2.760000E+01  1.040780E+01  2.181000E-01
  2.780000E+01  1.063110E+01  2.233000E-01
  2.800000E+01  1.085470E+01  2.236000E-01
  2.820000E+01  1.106220E+01  2.075000E-01
  2.840000E+01  1.127120E+01  2.090000E-01
  2.860000E+01  1.147460E+01  2.034000E-01
  2.880000E+01  1.168900E+01  2.144000E-01
  2.900000E+01  1.189960E+01  2.106000E-01
  2.920000E+01  1.210690E+01  2.073000E-01
  2.940000E+01  1.230360E+01  1.967000E-01
  2.960000E+01  1.250320E+01  1.996000E-01
  2.980000E+01  1.270650E+01  2.033000E-01
  3.000000E+01  1.290310E+01  1.966000E-01
  2.000000E-01  0.000000E+00  0.000000E+00
  4.000000E-01  0.000000E+00  0.000000E+00
  6.000000E-01  0.000000E+00  0.000000E+00
  8.000000E-01  0.000000E+00  0.000000E+00
  1.000000E+00  0.000000E+00  0.000000E+00
  1.200000E+00  0.000000E+00  0.000000E+00
  1.400000E+00  0.000000E+00  0.000000E+00
  1.600000E+00  0.000000E+00  0.000000E+00
  1.800000E+00  0.000000E+00  0.000000E+00
  2.000000E+00  0.000000E+00  0.000000E+00
  2.200000E+00  0.000000E+00  0.000000E+00
  2.400000E+00  0.000000E+00  0.000000E+00
  2.600000E+00  0.000000E+00  0.000000E+00
  2.800000E+00  0.000000E+00  0.000000E+00
  3.000000E+00  0.000000E+00  0.000000E+00
  3.200000E+00  0.000000E+00  0.000000E+00
  3.400000E+00  0.000000E+00  0.000000E+00
  3.600000E+00  0.000000E+00  0.000000E+00
  3.800000E+00  0.000000E+00  0.000000E+00
  4.000000E+00  0.000000E+00  0.000000E+00
  4.200000E+00  0.000000E+00  0.000000E+00
  4.400000E+00  0.000000E+00  0.000000E+00
  4.600000E+00  0.000000E+00  0.000000E+00
  4.800000E+00  0.000000E+00  0.000000E+00
  5.000000E+00  0.000000E+00  0.000000E+00
  5.200000E+00  0.000000E+00  0.000000E+00
  5.400000E+00  0.000000E+00  0.000000E+00
  5.600000E+00  0.000000E+00  0.000000E+00
  5.800000E+00  0.000000E+00  0.000000E+00
  6.000000E+00  0.000000E+00  0.000000E+00
  6.200000E+00  0.000000E+00  0.000000E+00
  6.400000E+00  0.000000E+00  0.000000E+00
  6.600000E+00  1.000000E-04  1.000000E-04
  6.800000E+00  1.000000E-04  0.000000E+00
  7.000000E+00  1.000000E-04  0.000000E+00
  7.200000E+00  1.000000E-04  0.000000E+00
  7.400000E+00  3.000000E-04  2.000000E-04
  7.600000E+00  4.000000E-04  1.000000E-04
  7.800000E+00  4.000000E-04  0.000000E+00
  8.000000E+00  5.000000E-04  1.000000E-04
  8.200000E+00  6.000000E-04  1.000000E-04
  8.400000E+00  6.000000E-04  0.000000E+00
  8.600000E+00  7.000000E-04  1.000000E-04
  8.800000E+00  9.000000E-04  2.000000E-04
  9.000000E+00  1.100000E-03  2.000000E-04
  9.200000E+00  1.200000E-03  1.000000E-04
  9.400000E+00  1.500000E-03  3.000000E-04
  9.600000E+00  1.700000E-03  2.000000E-04
  9.800000E+00  2.200000E-03  5.000000E-04
  1.000000E+01  2.400000E-03  2.000000E-04
  1.020000E+01  2.500000E-03  1.000000E-04
  1.040000E+01  2.700000E-03  2.000000E-04
  1.060000E+01  3.000000E-03  3.000000E-04
  1.080000E+01  3.500000E-03  5.000000E-04
  1.100000E+01  4.000000E-03  5.000000E-04
  1.120000E+01  4.300000E-03  3.000000E-04
  1.140000E+01  5.200000E-03  9.000000E-04
  1.160000E+01  5.400000E-03  2.000000E-04
  1.180000E+01  6.400000E-03  1.000000E-03
  1.200000E+01  7.200000E-03  8.000000E-04
  1.220000E+01  8.200000E-03  1.000000E-03
  1.240000E+01  9.300000E-03  1.100000E-03
  1.260000E+01  9.900000E-03  6.000000E-04
  1.280000E+01  1.060000E-02  7.000000E-04
  1.300000E+01  1.140000E-02  8.000000E-04
  1.320000E+01  1.230000E-02  9.000000E-04
  1.340000E+01  1.370000E-02  1.400000E-03
  1.360000E+01  1.520000E-02  1.500000E-03
  1.380000E+01  1.640000E-02  1.200000E-03
  1.400000E+01  1.820000E-02  1.800000E-03
  1.420000E+01  1.990000E-02  1.700000E-03
  1.440000E+01  2.260000E-02  2.700000E-03
  1.460000E+01  2.550000E-02  2.900000E-03
  1.480000E+01  3.030000E-02  4.800000E-03
  1.500000E+01  3.680000E-02  6.500000E-03
  1.520000E+01  4.420000E-02  7.400000E-03
  1.540000E+01  5.420000E-02  1.000000E-02
  1.560000E+01  6.840000E-02  1.420000E-02
  1.580000E+01  8.290000E-02  1.450000E-02
  1.600000E+01  9.630000E-02  1.340000E-02
  1.620000E+01  1.167000E-01  2.040000E-02
  1.640000E+01  1.396000E-01  2.290000E-02
  1.660000E+01  1.675000E-01  2.790000E-02
  1.680000E+01  1.975000E-01  3.000000E-02
  1.700000E+01  2.276000E-01  3.010000E-02
  1.720000E+01  2.664000E-01  3.880000E-02
  1.740000E+01  3.132000E-01  4.680000E-02
  1.760000E+01  3.702000E-01  5.700000E-02
  1.780000E+01  4.343000E-01  6.410000E-02
  1.800000E+01  5.047000E-01  7.040000E-02
  1.820000E+01  5.846000E-01  7.990000E-02
  1.840000E+01  6.661000E-01  8.150000E-02
  1.860000E+01  7.597000E-01  9.360000E-02
  1.880000E+01  8.669000E-01  1.072000E-01
  1.900000E+01  9.793000E-01  1.124000E-01
  1.920000E+01  1.105000E+00  1.257000E-01
  1.940000E+01  1.235900E+00  1.309000E-01
  1.960000E+01  1.381500E+00  1.456000E-01
  1.980000E+01  1.526600E+00  1.451000E-01
  2.000000E+01  1.692600E+00  1.660000E-01
  2.020000E+01  1.861300E+00  1.687000E-01
  2.040000E+01  2.049300E+00  1.880000E-01
  2.060000E+01  2.233000E+00  1.837000E-01
  2.080000E+01  2.430600E+00  1.976000E-01
  2.100000E+01  2.628800E+00  1.982000E-01
  2.120000E+01  2.843600E+00  2.148000E-01
  2.140000E+01  3.053700E+00  2.101000E-01
  2.160000E+01  3.265900E+00  2.122000E-01
  2.180000E+01  3.489200E+00  2.233000E-01
  2.200000E+01  3.713600E+00  2.244000E-01
  2.220000E+01  3.955200E+00  2.416000E-01
  2.240000E+01  4.182700E+00  2.275000E-01
  2.260000E+01  4.433800E+00  2.511000E-01
  2.280000E+01  4.682400E+00  2.486000E-01
  2.300000E+01  4.922900E+00  2.405000E-01
  2.320000E+01  5.176000E+00  2.531000E-01
  2.340000E+01  5.419100E+00  2.431000E-01
  2.360000E+01  5.663100E+00  2.440000E-01
  2.380000E+01  5.899000E+00  2.359000E-01
  2.400000E+01  6.144000E+00  2.450000E-01
  2.420000E+01  6.393900E+00  2.499000E-01
  2.440000E+01  6.638900E+00  2.450000E-01
  2.460000E+01  6.890400E+00  2.515000E-01
  2.480000E+01  7.140100E+00  2.497000E-01
  2.500000E+01  7.380900E+00  2.408000E-01
  2.520000E+01  7.623700E+00  2.428000E-01
  2.540000E+01  7.866000E+00  2.423000E-01
  2.560000E+01  8.118300E+00  2.523000E-01
  2.580000E+01  8.354700E+00  2.364000E-01
  2.600000E+01  8.591500E+00  2.368000E-01
  2.620000E+01  8.818700E+00  2.272000E-01
  2.640000E+01  9.050700E+00  2.320000E-01
  2.660000E+01  9.278500E+00  2.278000E-01
  2.680000E+01  9.510700E+00  2.322000E-01
  2.700000E+01  9.735700E+00  2.250000E-01
  2.720000E+01  9.956300E+00  2.206000E-01
  2.740000E+01  1.017300E+01  2.167000E-01
  2.760000E+01  1.039230E+01  2.193000E-01
  2.780000E+01  1.060170E+01  2.094000E-01
  2.800000E+01  1.082200E+01  2.203000E-01
  2.820000E+01  1.103390E+01  2.119000E-01
  2.840000E+01  1.124380E+01  2.099000E-01
  2.860000E+01  1.145240E+01  2.086000E-01
  2.880000E+01  1.165050E+01  1.981000E-01
  2.900000E+01  1.186300E+01  2.125000E-01
  2.920000E+01  1.206010E+01  1.971000E-01
  2.940000E+01  1.226220E+01  2.021000E-01
  2.960000E+01  1.245620E+01  1.940000E-01
  2.980000E+01  1.265330E+01  1.971000E-01
  3.000000E+01  1.284550E+01  1.922000E-01
