  2.000000E-01  1.207063E+00  1.220733E+00  1.253577E+00  0.000000E+00
  4.000000E-01  1.207327E+00  1.220755E+00  1.253903E+00  0.000000E+00
  6.000000E-01  1.207231E+00  1.220738E+00  1.254592E+00  0.000000E+00
  8.000000E-01  1.207455E+00  1.220761E+00  1.254804E+00  0.000000E+00
  1.000000E+00  1.207539E+00  1.220744E+00  1.254932E+00  0.000000E+00
  1.200000E+00  1.207609E+00  1.220786E+00  1.255360E+00  0.000000E+00
  1.400000E+00  1.207515E+00  1.220736E+00  1.255522E+00  0.000000E+00
  1.600000E+00  1.207789E+00  1.220764E+00  1.255837E+00  0.000000E+00
  1.800000E+00  1.207973E+00  1.220733E+00  1.256045E+00  0.000000E+00
  2.000000E+00  1.208046E+00  1.220737E+00  1.256595E+00  0.000000E+00
  2.200000E+00  1.208234E+00  1.220736E+00  1.257001E+00  0.000000E+00
  2.400000E+00  1.208275E+00  1.220693E+00  1.257296E+00  0.000000E+00
  2.600000E+00  1.208172E+00  1.220691E+00  1.257216E+00  0.000000E+00
  2.800000E+00  1.208531E+00  1.220723E+00  1.257187E+00  0.000000E+00
  3.000000E+00  1.208972E+00  1.220771E+00  1.257135E+00  0.000000E+00
  3.200000E+00  1.209264E+00  1.220797E+00  1.257546E+00  0.000000E+00
  3.400000E+00  1.209655E+00  1.220812E+00  1.257816E+00  0.000000E+00
  3.600000E+00  1.209667E+00  1.220812E+00  1.258009E+00  0.000000E+00
  3.800000E+00  1.209981E+00  1.220868E+00  1.258286E+00  0.000000E+00
  4.000000E+00  1.210032E+00  1.220836E+00  1.258584E+00  0.000000E+00
  4.200000E+00  1.210159E+00  1.220896E+00  1.258610E+00  0.000000E+00
  4.400000E+00  1.210330E+00  1.220879E+00  1.258868E+00  0.000000E+00
  4.600000E+00  1.210757E+00  1.220905E+00  1.259178E+00  0.000000E+00
  4.800000E+00  1.210826E+00  1.220858E+00  1.259104E+00  0.000000E+00
  5.000000E+00  1.211124E+00  1.220886E+00  1.258897E+00  0.000000E+00
  5.200000E+00  1.211345E+00  1.220849E+00  1.258819E+00  0.000000E+00
  5.400000E+00  1.211314E+00  1.220863E+00  1.258467E+00  0.000000E+00
  5.600000E+00  1.211636E+00  1.220924E+00  1.258343E+00  0.000000E+00
  5.800000E+00  1.212081E+00  1.220978E+00  1.258665E+00  0.000000E+00
  6.000000E+00  1.212496E+00  1.220892E+00  1.258291E+00  1.000000E+00
  6.200000E+00  1.212757E+00  1.220802E+00  1.257925E+00  1.000000E+00
  6.400000E+00  1.212912E+00  1.220845E+00  1.257537E+00  1.000000E+00
  6.600000E+00  1.213221E+00  1.220847E+00  1.257227E+00  1.000000E+00
  6.800000E+00  1.213375E+00  1.220840E+00  1.256872E+00  1.000000E+00
  7.000000E+00  1.213677E+00  1.220886E+00  1.256439E+00  1.000000E+00
  7.200000E+00  1.213930E+00  1.220956E+00  1.256027E+00  1.000000E+00
  7.400000E+00  1.214044E+00  1.220937E+00  1.255620E+00  1.000000E+00
  7.600000E+00  1.214118E+00  1.220891E+00  1.255125E+00  1.000000E+00
  7.800000E+00  1.214348E+00  1.220841E+00  1.254561E+00  1.000000E+00
  8.000000E+00  1.214853E+00  1.220947E+00  1.254236E+00  1.500000E+00
  8.200000E+00  1.215277E+00  1.220981E+00  1.253869E+00  1.500000E+00
  8.400000E+00  1.215535E+00  1.221080E+00  1.253014E+00  1.500000E+00
  8.600000E+00  1.215808E+00  1.221056E+00  1.252880E+00  2.000000E+00
  8.800000E+00  1.216004E+00  1.220997E+00  1.252045E+00  2.000000E+00
  9.000000E+00  1.216264E+00  1.220855E+00  1.251001E+00  1.666667E+00
  9.200000E+00  1.216362E+00  1.220838E+00  1.250220E+00  1.666667E+00
  9.400000E+00  1.216753E+00  1.220920E+00  1.249984E+00  1.666667E+00
  9.600000E+00  1.217307E+00  1.220956E+00  1.249984E+00  1.166667E+00
  9.800000E+00  1.217453E+00  1.220909E+00  1.249079E+00  1.571429E+00
  1.000000E+01  1.217683E+00  1.220890E+00  1.248544E+00  1.400000E+00
  1.020000E+01  1.218239E+00  1.220821E+00  1.248284E+00  1.400000E+00
  1.040000E+01  1.218403E+00  1.220827E+00  1.248317E+00  1.500000E+00
  1.060000E+01  1.218823E+00  1.220827E+00  1.247358E+00  1.562500E+00
  1.080000E+01  1.219228E+00  1.220739E+00  1.246718E+00  1.476190E+00
  1.100000E+01  1.219584E+00  1.220783E+00  1.246166E+00  1.625000E+00
  1.120000E+01  1.219740E+00  1.220843E+00  1.246048E+00  1.555556E+00
  1.140000E+01  1.219977E+00  1.220913E+00  1.245970E+00  1.535714E+00
  1.160000E+01  1.220217E+00  1.220997E+00  1.246152E+00  1.586207E+00
  1.180000E+01  1.220768E+00  1.221061E+00  1.246381E+00  1.515152E+00
  1.200000E+01  1.221282E+00  1.221223E+00  1.245940E+00  1.588235E+00
  1.220000E+01  1.221649E+00  1.221135E+00  1.245724E+00  1.550000E+00
  1.240000E+01  1.221983E+00  1.221008E+00  1.245454E+00  1.622222E+00
  1.260000E+01  1.222394E+00  1.221025E+00  1.244939E+00  1.600000E+00
  1.280000E+01  1.222915E+00  1.221008E+00  1.245242E+00  1.588235E+00
  1.300000E+01  1.223206E+00  1.220987E+00  1.245473E+00  1.600000E+00
  1.320000E+01  1.223749E+00  1.221044E+00  1.245171E+00  1.627119E+00
  1.340000E+01  1.224109E+00  1.221063E+00  1.245657E+00  1.546875E+00
  1.360000E+01  1.224296E+00  1.221040E+00  1.245941E+00  1.565217E+00
  1.380000E+01  1.224658E+00  1.221022E+00  1.246195E+00  1.551282E+00
  1.400000E+01  1.225229E+00  1.221061E+00  1.246268E+00  1.517647E+00
  1.420000E+01  1.225472E+00  1.221113E+00  1.245925E+00  1.494624E+00
  1.440000E+01  1.225675E+00  1.221055E+00  1.246193E+00  1.470588E+00
  1.460000E+01  1.225969E+00  1.221025E+00  1.246220E+00  1.487179E+00
  1.480000E+01  1.226096E+00  1.221060E+00  1.246097E+00  1.537879E+00
  1.500000E+01  1.226401E+00  1.221197E+00  1.246405E+00  1.516340E+00
  1.520000E+01  1.226684E+00  1.221297E+00  1.246262E+00  1.492308E+00
  1.540000E+01  1.226960E+00  1.221536E+00  1.246531E+00  1.489712E+00
  1.560000E+01  1.227247E+00  1.221811E+00  1.246613E+00  1.542751E+00
  1.580000E+01  1.227701E+00  1.221912E+00  1.246905E+00  1.535168E+00
  1.600000E+01  1.228107E+00  1.221933E+00  1.247177E+00  1.516043E+00
  1.620000E+01  1.228677E+00  1.222188E+00  1.247361E+00  1.502252E+00
  1.640000E+01  1.228811E+00  1.222290E+00  1.247956E+00  1.460377E+00
  1.660000E+01  1.228924E+00  1.222560E+00  1.248093E+00  1.497479E+00
  1.680000E+01  1.229224E+00  1.222845E+00  1.248158E+00  1.501479E+00
  1.700000E+01  1.229494E+00  1.222979E+00  1.248460E+00  1.527665E+00
  1.720000E+01  1.229797E+00  1.223020E+00  1.248523E+00  1.554885E+00
  1.740000E+01  1.230413E+00  1.223376E+00  1.248761E+00  1.569904E+00
  1.760000E+01  1.230503E+00  1.223445E+00  1.249201E+00  1.562559E+00
  1.780000E+01  1.231098E+00  1.223805E+00  1.249922E+00  1.550369E+00
  1.800000E+01  1.231315E+00  1.224036E+00  1.250438E+00  1.537857E+00
  1.820000E+01  1.231393E+00  1.224011E+00  1.250344E+00  1.539340E+00
  1.840000E+01  1.231911E+00  1.224406E+00  1.251320E+00  1.521396E+00
  1.860000E+01  1.232252E+00  1.224581E+00  1.251353E+00  1.501019E+00
  1.880000E+01  1.233036E+00  1.225141E+00  1.252064E+00  1.473148E+00
  1.900000E+01  1.233426E+00  1.225306E+00  1.252364E+00  1.492077E+00
  1.920000E+01  1.233967E+00  1.225655E+00  1.252651E+00  1.496091E+00
  1.940000E+01  1.234330E+00  1.225722E+00  1.252856E+00  1.480721E+00
  1.960000E+01  1.234398E+00  1.225722E+00  1.253206E+00  1.475820E+00
  1.980000E+01  1.234922E+00  1.226013E+00  1.253701E+00  1.488658E+00
  2.000000E+01  1.235817E+00  1.226695E+00  1.254841E+00  1.501785E+00
  2.020000E+01  1.235974E+00  1.226998E+00  1.255030E+00  1.510818E+00
  2.040000E+01  1.235647E+00  1.226490E+00  1.254695E+00  1.503304E+00
  2.060000E+01  1.235195E+00  1.225708E+00  1.254044E+00  1.517285E+00
  2.080000E+01  1.235299E+00  1.225642E+00  1.254012E+00  1.530097E+00
  2.100000E+01  1.234980E+00  1.225434E+00  1.253851E+00  1.529944E+00
  2.120000E+01  1.235477E+00  1.225745E+00  1.254050E+00  1.542327E+00
  2.140000E+01  1.235259E+00  1.225610E+00  1.254193E+00  1.536074E+00
  2.160000E+01  1.235360E+00  1.225438E+00  1.253756E+00  1.525476E+00
  2.180000E+01  1.235598E+00  1.225438E+00  1.253928E+00  1.520883E+00
  2.200000E+01  1.235655E+00  1.225172E+00  1.253801E+00  1.527719E+00
  2.220000E+01  1.235766E+00  1.225260E+00  1.254160E+00  1.522681E+00
  2.240000E+01  1.235727E+00  1.225157E+00  1.254143E+00  1.519227E+00
  2.260000E+01  1.235205E+00  1.224963E+00  1.253576E+00  1.507062E+00
  2.280000E+01  1.235638E+00  1.225433E+00  1.254187E+00  1.502156E+00
  2.300000E+01  1.235379E+00  1.224915E+00  1.253569E+00  1.495875E+00
  2.320000E+01  1.235416E+00  1.224962E+00  1.253498E+00  1.498508E+00
  2.340000E+01  1.235578E+00  1.225092E+00  1.253387E+00  1.487109E+00
  2.360000E+01  1.235523E+00  1.224680E+00  1.253415E+00  1.484214E+00
  2.380000E+01  1.235397E+00  1.224560E+00  1.253452E+00  1.475718E+00
  2.400000E+01  1.235108E+00  1.224156E+00  1.253334E+00  1.470282E+00
  2.420000E+01  1.234197E+00  1.223489E+00  1.253090E+00  1.479707E+00
  2.440000E+01  1.233554E+00  1.223323E+00  1.252793E+00  1.473018E+00
  2.460000E+01  1.233463E+00  1.223177E+00  1.252789E+00  1.483143E+00
  2.480000E+01  1.232919E+00  1.223252E+00  1.253022E+00  1.487229E+00
  2.500000E+01  1.231829E+00  1.222681E+00  1.252937E+00  1.475847E+00
  2.520000E+01  1.232150E+00  1.223053E+00  1.253042E+00  1.477306E+00
  2.540000E+01  1.231611E+00  1.222855E+00  1.251930E+00  1.476315E+00
  2.560000E+01  1.232166E+00  1.223603E+00  1.252786E+00  1.481181E+00
  2.580000E+01  1.231793E+00  1.223676E+00  1.253080E+00  1.483834E+00
  2.600000E+01  1.231258E+00  1.223601E+00  1.253259E+00  1.487900E+00
  2.620000E+01  1.230571E+00  1.223157E+00  1.252971E+00  1.487864E+00
  2.640000E+01  1.230609E+00  1.223280E+00  1.252924E+00  1.489428E+00
  2.660000E+01  1.230762E+00  1.223728E+00  1.254230E+00  1.492874E+00
  2.680000E+01  1.231360E+00  1.224258E+00  1.254938E+00  1.489377E+00
  2.700000E+01  1.231071E+00  1.224077E+00  1.254659E+00  1.487764E+00
  2.720000E+01  1.231238E+00  1.223949E+00  1.255658E+00  1.488843E+00
  2.740000E+01  1.231254E+00  1.224092E+00  1.256221E+00  1.481936E+00
  2.760000E+01  1.231128E+00  1.224273E+00  1.256311E+00  1.482844E+00
  2.780000E+01  1.230676E+00  1.224475E+00  1.256563E+00  1.482148E+00
  2.800000E+01  1.230105E+00  1.224420E+00  1.256480E+00  1.476242E+00
  2.820000E+01  1.229845E+00  1.224440E+00  1.256757E+00  1.474010E+00
  2.840000E+01  1.229006E+00  1.224305E+00  1.256395E+00  1.474615E+00
  2.860000E+01  1.228712E+00  1.224493E+00  1.257682E+00  1.473502E+00
  2.880000E+01  1.228513E+00  1.224860E+00  1.258147E+00  1.469741E+00
  2.900000E+01  1.228705E+00  1.225342E+00  1.258692E+00  1.469999E+00
  2.920000E+01  1.228670E+00  1.225832E+00  1.258280E+00  1.471688E+00
  2.940000E+01  1.228291E+00  1.226034E+00  1.259041E+00  1.474243E+00
  2.960000E+01  1.228021E+00  1.225900E+00  1.259645E+00  1.476620E+00
  2.980000E+01  1.227677E+00  1.225574E+00  1.260594E+00  1.473999E+00
  3.000000E+01  1.227205E+00  1.225663E+00  1.261112E+00  1.472366E+00
  2.000000E-01  1.208598E+00  1.220762E+00  1.253966E+00  0.000000E+00
  4.000000E-01  1.208571E+00  1.220731E+00  1.254305E+00  0.000000E+00
  6.000000E-01  1.208668E+00  1.220696E+00  1.254715E+00  0.000000E+00
  8.000000E-01  1.208851E+00  1.220658E+00  1.255265E+00  0.000000E+00
  1.000000E+00  1.209101E+00  1.220664E+00  1.255580E+00  0.000000E+00
  1.200000E+00  1.209028E+00  1.220581E+00  1.255634E+00  0.000000E+00
  1.400000E+00  1.208876E+00  1.220586E+00  1.255838E+00  0.000000E+00
  1.600000E+00  1.209267E+00  1.220679E+00  1.256110E+00  0.000000E+00
  1.800000E+00  1.209162E+00  1.220703E+00  1.256331E+00  0.000000E+00
  2.000000E+00  1.208955E+00  1.220652E+00  1.256592E+00  0.000000E+00
  2.200000E+00  1.208996E+00  1.220680E+00  1.256868E+00  0.000000E+00
  2.400000E+00  1.208940E+00  1.220703E+00  1.257034E+00  0.000000E+00
  2.600000E+00  1.209103E+00  1.220672E+00  1.257181E+00  0.000000E+00
  2.800000E+00  1.209022E+00  1.220619E+00  1.257205E+00  0.000000E+00
  3.000000E+00  1.208999E+00  1.220645E+00  1.257390E+00  0.000000E+00
  3.200000E+00  1.208941E+00  1.220645E+00  1.257378E+00  0.000000E+00
  3.400000E+00  1.209134E+00  1.220669E+00  1.257405E+00  0.000000E+00
  3.600000E+00  1.209296E+00  1.220626E+00  1.257649E+00  0.000000E+00
  3.800000E+00  1.209341E+00  1.220592E+00  1.257653E+00  0.000000E+00
  4.000000E+00  1.209737E+00  1.220571E+00  1.257652E+00  0.000000E+00
  4.200000E+00  1.209854E+00  1.220650E+00  1.258047E+00  0.000000E+00
  4.400000E+00  1.210158E+00  1.220653E+00  1.258437E+00  0.000000E+00
  4.600000E+00  1.210406E+00  1.220605E+00  1.258354E+00  0.000000E+00
  4.800000E+00  1.210913E+00  1.220682E+00  1.258436E+00  0.000000E+00
  5.000000E+00  1.211224E+00  1.220684E+00  1.258711E+00  0.000000E+00
  5.200000E+00  1.211584E+00  1.220716E+00  1.258848E+00  0.000000E+00
  5.400000E+00  1.211666E+00  1.220688E+00  1.258555E+00  0.000000E+00
  5.600000E+00  1.211757E+00  1.220663E+00  1.258186E+00  0.000000E+00
  5.800000E+00  1.212151E+00  1.220769E+00  1.257832E+00  0.000000E+00
  6.000000E+00  1.212316E+00  1.220797E+00  1.257678E+00  0.000000E+00
  6.200000E+00  1.212691E+00  1.220732E+00  1.257241E+00  0.000000E+00
  6.400000E+00  1.213184E+00  1.220667E+00  1.257074E+00  0.000000E+00
  6.600000E+00  1.214112E+00  1.220578E+00  1.256828E+00  0.000000E+00
  6.800000E+00  1.214598E+00  1.220688E+00  1.256401E+00  0.000000E+00
  7.000000E+00  1.214976E+00  1.220609E+00  1.255922E+00  0.000000E+00
  7.200000E+00  1.215203E+00  1.220589E+00  1.255450E+00  0.000000E+00
  7.400000E+00  1.215647E+00  1.220590E+00  1.255341E+00  0.000000E+00
  7.600000E+00  1.216069E+00  1.220633E+00  1.254727E+00  1.333333E+00
  7.800000E+00  1.216313E+00  1.220715E+00  1.254317E+00  1.333333E+00
  8.000000E+00  1.216262E+00  1.220561E+00  1.253419E+00  1.666667E+00
  8.200000E+00  1.216527E+00  1.220624E+00  1.252610E+00  1.500000E+00
  8.400000E+00  1.216638E+00  1.220505E+00  1.252057E+00  1.500000E+00
  8.600000E+00  1.216832E+00  1.220509E+00  1.251290E+00  1.600000E+00
  8.800000E+00  1.217292E+00  1.220554E+00  1.250557E+00  1.600000E+00
  9.000000E+00  1.217487E+00  1.220451E+00  1.250417E+00  1.800000E+00
  9.200000E+00  1.217690E+00  1.220492E+00  1.249724E+00  1.800000E+00
  9.400000E+00  1.217810E+00  1.220433E+00  1.249398E+00  1.800000E+00
  9.600000E+00  1.217823E+00  1.220454E+00  1.248227E+00  1.714286E+00
  9.800000E+00  1.218314E+00  1.220371E+00  1.247581E+00  1.545455E+00
  1.000000E+01  1.218866E+00  1.220245E+00  1.247635E+00  1.500000E+00
  1.020000E+01  1.219322E+00  1.220357E+00  1.246854E+00  1.615385E+00
  1.040000E+01  1.219637E+00  1.220285E+00  1.246562E+00  1.733333E+00
  1.060000E+01  1.219852E+00  1.220328E+00  1.245883E+00  1.687500E+00
  1.080000E+01  1.219795E+00  1.220310E+00  1.245636E+00  1.578947E+00
  1.100000E+01  1.220011E+00  1.220339E+00  1.245397E+00  1.590909E+00
  1.120000E+01  1.220297E+00  1.220254E+00  1.245500E+00  1.681818E+00
  1.140000E+01  1.220881E+00  1.220307E+00  1.245060E+00  1.750000E+00
  1.160000E+01  1.221249E+00  1.220418E+00  1.244886E+00  1.821429E+00
  1.180000E+01  1.221414E+00  1.220510E+00  1.245194E+00  1.857143E+00
  1.200000E+01  1.221670E+00  1.220563E+00  1.244841E+00  1.764706E+00
  1.220000E+01  1.221855E+00  1.220637E+00  1.244534E+00  1.722222E+00
  1.240000E+01  1.222025E+00  1.220639E+00  1.244528E+00  1.675000E+00
  1.260000E+01  1.222145E+00  1.220619E+00  1.244263E+00  1.577778E+00
  1.280000E+01  1.222402E+00  1.220626E+00  1.244083E+00  1.547170E+00
  1.300000E+01  1.222864E+00  1.220609E+00  1.244171E+00  1.571429E+00
  1.320000E+01  1.223298E+00  1.220707E+00  1.244117E+00  1.589286E+00
  1.340000E+01  1.223442E+00  1.220787E+00  1.244033E+00  1.627119E+00
  1.360000E+01  1.223692E+00  1.220807E+00  1.244583E+00  1.650000E+00
  1.380000E+01  1.224058E+00  1.220771E+00  1.245067E+00  1.682540E+00
  1.400000E+01  1.224375E+00  1.220902E+00  1.245231E+00  1.724638E+00
  1.420000E+01  1.224539E+00  1.220924E+00  1.245411E+00  1.698630E+00
  1.440000E+01  1.224876E+00  1.221024E+00  1.245598E+00  1.679487E+00
  1.460000E+01  1.225148E+00  1.221000E+00  1.245451E+00  1.695122E+00
  1.480000E+01  1.225432E+00  1.220982E+00  1.245214E+00  1.741573E+00
  1.500000E+01  1.225740E+00  1.221037E+00  1.245145E+00  1.734043E+00
  1.520000E+01  1.226110E+00  1.221127E+00  1.245284E+00  1.603604E+00
  1.540000E+01  1.226267E+00  1.221178E+00  1.245494E+00  1.606557E+00
  1.560000E+01  1.226729E+00  1.221188E+00  1.245982E+00  1.556338E+00
  1.580000E+01  1.226847E+00  1.221221E+00  1.245776E+00  1.522727E+00
  1.600000E+01  1.227160E+00  1.221402E+00  1.246164E+00  1.486607E+00
  1.620000E+01  1.227291E+00  1.221308E+00  1.246370E+00  1.547794E+00
  1.640000E+01  1.227583E+00  1.221557E+00  1.246572E+00  1.534286E+00
  1.660000E+01  1.227995E+00  1.221918E+00  1.246705E+00  1.510297E+00
  1.680000E+01  1.228481E+00  1.222220E+00  1.246824E+00  1.512524E+00
  1.700000E+01  1.228893E+00  1.222385E+00  1.247096E+00  1.519108E+00
  1.720000E+01  1.228934E+00  1.222285E+00  1.246884E+00  1.509987E+00
  1.740000E+01  1.229128E+00  1.222392E+00  1.247387E+00  1.562350E+00
  1.760000E+01  1.229562E+00  1.222680E+00  1.247973E+00  1.536711E+00
  1.780000E+01  1.230004E+00  1.223022E+00  1.248029E+00  1.531556E+00
  1.800000E+01  1.230548E+00  1.223240E+00  1.248086E+00  1.525213E+00
  1.820000E+01  1.231004E+00  1.223412E+00  1.248647E+00  1.514344E+00
  1.840000E+01  1.231113E+00  1.223383E+00  1.249018E+00  1.534398E+00
  1.860000E+01  1.231535E+00  1.223587E+00  1.249342E+00  1.520570E+00
  1.880000E+01  1.231939E+00  1.223721E+00  1.249845E+00  1.517191E+00
  1.900000E+01  1.232507E+00  1.224133E+00  1.250203E+00  1.479739E+00
  1.920000E+01  1.233046E+00  1.224471E+00  1.250480E+00  1.484156E+00
  1.940000E+01  1.233251E+00  1.224569E+00  1.251066E+00  1.490086E+00
  1.960000E+01  1.233350E+00  1.224750E+00  1.251424E+00  1.499830E+00
  1.980000E+01  1.233511E+00  1.224839E+00  1.251604E+00  1.487536E+00
  2.000000E+01  1.234080E+00  1.225158E+00  1.251975E+00  1.498076E+00
  2.020000E+01  1.234398E+00  1.224945E+00  1.252120E+00  1.504281E+00
  2.040000E+01  1.234373E+00  1.224961E+00  1.252208E+00  1.515240E+00
  2.060000E+01  1.234869E+00  1.225148E+00  1.252625E+00  1.514379E+00
  2.080000E+01  1.235252E+00  1.225255E+00  1.252556E+00  1.520233E+00
  2.100000E+01  1.235214E+00  1.225149E+00  1.252947E+00  1.505409E+00
  2.120000E+01  1.235383E+00  1.224969E+00  1.252913E+00  1.489854E+00
  2.140000E+01  1.235318E+00  1.224645E+00  1.252887E+00  1.490786E+00
  2.160000E+01  1.234836E+00  1.224266E+00  1.252890E+00  1.483917E+00
  2.180000E+01  1.234831E+00  1.224066E+00  1.252804E+00  1.489958E+00
  2.200000E+01  1.234484E+00  1.223692E+00  1.252332E+00  1.496810E+00
  2.220000E+01  1.234420E+00  1.223752E+00  1.251789E+00  1.493251E+00
  2.240000E+01  1.234778E+00  1.224020E+00  1.252102E+00  1.493297E+00
  2.260000E+01  1.234494E+00  1.223657E+00  1.252228E+00  1.493600E+00
  2.280000E+01  1.234325E+00  1.223540E+00  1.252563E+00  1.486382E+00
  2.300000E+01  1.233689E+00  1.223026E+00  1.251753E+00  1.491549E+00
  2.320000E+01  1.233601E+00  1.222804E+00  1.251662E+00  1.498807E+00
  2.340000E+01  1.233487E+00  1.222771E+00  1.251793E+00  1.494656E+00
  2.360000E+01  1.234157E+00  1.223481E+00  1.252191E+00  1.482961E+00
  2.380000E+01  1.233728E+00  1.222833E+00  1.251899E+00  1.482083E+00
  2.400000E+01  1.234080E+00  1.223069E+00  1.251765E+00  1.495673E+00
  2.420000E+01  1.233564E+00  1.222812E+00  1.251856E+00  1.486703E+00
  2.440000E+01  1.233988E+00  1.223372E+00  1.251588E+00  1.479199E+00
  2.460000E+01  1.233852E+00  1.223748E+00  1.251621E+00  1.483244E+00
  2.480000E+01  1.233485E+00  1.223322E+00  1.251784E+00  1.484321E+00
  2.500000E+01  1.233504E+00  1.223426E+00  1.251823E+00  1.496224E+00
  2.520000E+01  1.232652E+00  1.222768E+00  1.251293E+00  1.502103E+00
  2.540000E+01  1.232206E+00  1.222788E+00  1.251529E+00  1.508553E+00
  2.560000E+01  1.232249E+00  1.222763E+00  1.251861E+00  1.506546E+00
  2.580000E+01  1.232100E+00  1.222716E+00  1.251852E+00  1.503840E+00
  2.600000E+01  1.231720E+00  1.222614E+00  1.252121E+00  1.503303E+00
  2.620000E+01  1.232000E+00  1.222929E+00  1.252219E+00  1.506137E+00
  2.640000E+01  1.231895E+00  1.222936E+00  1.251701E+00  1.503325E+00
  2.660000E+01  1.231112E+00  1.222762E+00  1.251939E+00  1.503229E+00
  2.680000E+01  1.230156E+00  1.222580E+00  1.251268E+00  1.505290E+00
  2.700000E+01  1.229639E+00  1.222554E+00  1.251234E+00  1.499431E+00
  2.720000E+01  1.229175E+00  1.222285E+00  1.251324E+00  1.501133E+00
  2.740000E+01  1.229661E+00  1.223013E+00  1.251665E+00  1.507368E+00
  2.760000E+01  1.228876E+00  1.222586E+00  1.251633E+00  1.512171E+00
  2.780000E+01  1.228635E+00  1.222828E+00  1.251873E+00  1.512226E+00
  2.800000E+01  1.228575E+00  1.223080E+00  1.251763E+00  1.493961E+00
  2.820000E+01  1.228738E+00  1.223304E+00  1.252875E+00  1.499380E+00
  2.840000E+01  1.228811E+00  1.223769E+00  1.253255E+00  1.496431E+00
  2.860000E+01  1.228127E+00  1.223704E+00  1.253811E+00  1.493932E+00
  2.880000E+01  1.228341E+00  1.224675E+00  1.253833E+00  1.496604E+00
  2.900000E+01  1.228487E+00  1.225005E+00  1.254353E+00  1.501829E+00
  2.920000E+01  1.228309E+00  1.225073E+00  1.255457E+00  1.500000E+00
  2.940000E+01  1.228547E+00  1.225718E+00  1.255693E+00  1.503561E+00
  2.960000E+01  1.228002E+00  1.225863E+00  1.256192E+00  1.504819E+00
  2.980000E+01  1.228096E+00  1.226034E+00  1.256350E+00  1.504128E+00
  3.000000E+01  1.227544E+00  1.225903E+00  1.256926E+00  1.502184E+00
  2.000000E-01  1.205319E+00  1.220361E+00  1.254343E+00  0.000000E+00
  4.000000E-01  1.205405E+00  1.220411E+00  1.254483E+00  0.000000E+00
  6.000000E-01  1.205305E+00  1.220386E+00  1.254976E+00  0.000000E+00
  8.000000E-01  1.205204E+00  1.220419E+00  1.255194E+00  0.000000E+00
  1.000000E+00  1.205309E+00  1.220468E+00  1.255395E+00  0.000000E+00
  1.200000E+00  1.205557E+00  1.220387E+00  1.255744E+00  0.000000E+00
  1.400000E+00  1.205737E+00  1.220384E+00  1.255850E+00  0.000000E+00
  1.600000E+00  1.206199E+00  1.220392E+00  1.256123E+00  0.000000E+00
  1.800000E+00  1.206002E+00  1.220450E+00  1.256187E+00  0.000000E+00
  2.000000E+00  1.206368E+00  1.220425E+00  1.256368E+00  0.000000E+00
  2.200000E+00  1.206742E+00  1.220398E+00  1.256563E+00  0.000000E+00
  2.400000E+00  1.207163E+00  1.220432E+00  1.256673E+00  0.000000E+00
  2.600000E+00  1.207230E+00  1.220432E+00  1.256703E+00  0.000000E+00
  2.800000E+00  1.207629E+00  1.220421E+00  1.256910E+00  0.000000E+00
  3.000000E+00  1.207907E+00  1.220421E+00  1.256867E+00  0.000000E+00
  3.200000E+00  1.207964E+00  1.220387E+00  1.256960E+00  0.000000E+00
  3.400000E+00  1.208065E+00  1.220389E+00  1.256786E+00  0.000000E+00
  3.600000E+00  1.208663E+00  1.220359E+00  1.256995E+00  0.000000E+00
  3.800000E+00  1.208750E+00  1.220395E+00  1.257161E+00  0.000000E+00
  4.000000E+00  1.209103E+00  1.220410E+00  1.257454E+00  0.000000E+00
  4.200000E+00  1.209353E+00  1.220377E+00  1.258083E+00  0.000000E+00
  4.400000E+00  1.209700E+00  1.220391E+00  1.257897E+00  0.000000E+00
  4.600000E+00  1.209883E+00  1.220380E+00  1.258096E+00  0.000000E+00
  4.800000E+00  1.210048E+00  1.220421E+00  1.257860E+00  0.000000E+00
  5.000000E+00  1.210381E+00  1.220412E+00  1.258054E+00  0.000000E+00
  5.200000E+00  1.210630E+00  1.220456E+00  1.257859E+00  0.000000E+00
  5.400000E+00  1.210938E+00  1.220476E+00  1.257490E+00  0.000000E+00
  5.600000E+00  1.211414E+00  1.220430E+00  1.257061E+00  0.000000E+00
  5.800000E+00  1.211761E+00  1.220396E+00  1.257229E+00  0.000000E+00
  6.000000E+00  1.211976E+00  1.220358E+00  1.257264E+00  0.000000E+00
  6.200000E+00  1.212272E+00  1.220313E+00  1.256938E+00  0.000000E+00
  6.400000E+00  1.212493E+00  1.220358E+00  1.256635E+00  0.000000E+00
  6.600000E+00  1.212989E+00  1.220374E+00  1.256170E+00  0.000000E+00
  6.800000E+00  1.213237E+00  1.220310E+00  1.256043E+00  0.000000E+00
  7.000000E+00  1.213293E+00  1.220270E+00  1.255407E+00  0.000000E+00
  7.200000E+00  1.213548E+00  1.220224E+00  1.254689E+00  0.000000E+00
  7.400000E+00  1.214036E+00  1.220199E+00  1.253960E+00  0.000000E+00
  7.600000E+00  1.214411E+00  1.220162E+00  1.252899E+00  0.000000E+00
  7.800000E+00  1.214718E+00  1.220087E+00  1.252206E+00  0.000000E+00
  8.000000E+00  1.214958E+00  1.220037E+00  1.251473E+00  0.000000E+00
  8.200000E+00  1.215117E+00  1.220021E+00  1.251210E+00  0.000000E+00
  8.400000E+00  1.215318E+00  1.220067E+00  1.250747E+00  5.000000E+00
  8.600000E+00  1.215775E+00  1.220163E+00  1.250443E+00  5.000000E+00
  8.800000E+00  1.216108E+00  1.220032E+00  1.249881E+00  5.000000E+00
  9.000000E+00  1.216330E+00  1.220000E+00  1.249719E+00  3.500000E+00
  9.200000E+00  1.216667E+00  1.220052E+00  1.249187E+00  3.500000E+00
  9.400000E+00  1.216936E+00  1.220041E+00  1.248512E+00  3.500000E+00
  9.600000E+00  1.217236E+00  1.220066E+00  1.248151E+00  3.500000E+00
  9.800000E+00  1.217501E+00  1.220151E+00  1.247407E+00  2.250000E+00
  1.000000E+01  1.218003E+00  1.219989E+00  1.246924E+00  2.500000E+00
  1.020000E+01  1.218207E+00  1.219910E+00  1.246769E+00  2.500000E+00
  1.040000E+01  1.218510E+00  1.219895E+00  1.246180E+00  1.714286E+00
  1.060000E+01  1.218762E+00  1.219857E+00  1.245679E+00  1.600000E+00
  1.080000E+01  1.218975E+00  1.219954E+00  1.245655E+00  1.692308E+00
  1.100000E+01  1.219318E+00  1.220028E+00  1.245122E+00  1.500000E+00
  1.120000E+01  1.219423E+00  1.219964E+00  1.244956E+00  1.500000E+00
  1.140000E+01  1.219956E+00  1.219957E+00  1.244672E+00  1.571429E+00
  1.160000E+01  1.220211E+00  1.219926E+00  1.244978E+00  1.636364E+00
  1.180000E+01  1.220589E+00  1.219922E+00  1.244564E+00  1.600000E+00
  1.200000E+01  1.221000E+00  1.219899E+00  1.244709E+00  1.542857E+00
  1.220000E+01  1.221391E+00  1.219976E+00  1.243868E+00  1.463415E+00
  1.240000E+01  1.221368E+00  1.220045E+00  1.244028E+00  1.543478E+00
  1.260000E+01  1.221463E+00  1.220042E+00  1.244235E+00  1.600000E+00
  1.280000E+01  1.221614E+00  1.220093E+00  1.244714E+00  1.576923E+00
  1.300000E+01  1.221769E+00  1.220126E+00  1.244478E+00  1.553571E+00
  1.320000E+01  1.222237E+00  1.220122E+00  1.244029E+00  1.500000E+00
  1.340000E+01  1.222826E+00  1.220187E+00  1.244434E+00  1.507692E+00
  1.360000E+01  1.222969E+00  1.220257E+00  1.244601E+00  1.480519E+00
  1.380000E+01  1.223283E+00  1.220405E+00  1.244897E+00  1.559524E+00
  1.400000E+01  1.223517E+00  1.220493E+00  1.244709E+00  1.521277E+00
  1.420000E+01  1.223808E+00  1.220532E+00  1.244919E+00  1.525253E+00
  1.440000E+01  1.223933E+00  1.220577E+00  1.244960E+00  1.454545E+00
  1.460000E+01  1.224195E+00  1.220635E+00  1.244887E+00  1.483607E+00
  1.480000E+01  1.224404E+00  1.220658E+00  1.244582E+00  1.496063E+00
  1.500000E+01  1.224805E+00  1.220747E+00  1.245206E+00  1.446667E+00
  1.520000E+01  1.224947E+00  1.220745E+00  1.244841E+00  1.438596E+00
  1.540000E+01  1.225338E+00  1.220846E+00  1.245318E+00  1.426316E+00
  1.560000E+01  1.225500E+00  1.220918E+00  1.245441E+00  1.372294E+00
  1.580000E+01  1.225954E+00  1.220962E+00  1.245356E+00  1.395349E+00
  1.600000E+01  1.226036E+00  1.221052E+00  1.245422E+00  1.430868E+00
  1.620000E+01  1.226311E+00  1.220976E+00  1.245713E+00  1.444444E+00
  1.640000E+01  1.226617E+00  1.221138E+00  1.245512E+00  1.421836E+00
  1.660000E+01  1.227158E+00  1.221382E+00  1.245975E+00  1.440000E+00
  1.680000E+01  1.227500E+00  1.221466E+00  1.245767E+00  1.443015E+00
  1.700000E+01  1.228063E+00  1.221735E+00  1.246012E+00  1.479100E+00
  1.720000E+01  1.228288E+00  1.221870E+00  1.246657E+00  1.494475E+00
  1.740000E+01  1.228618E+00  1.221967E+00  1.246852E+00  1.498208E+00
  1.760000E+01  1.229267E+00  1.222335E+00  1.247248E+00  1.462322E+00
  1.780000E+01  1.229647E+00  1.222542E+00  1.247258E+00  1.457759E+00
  1.800000E+01  1.230415E+00  1.223057E+00  1.248087E+00  1.457536E+00
  1.820000E+01  1.230788E+00  1.223132E+00  1.248455E+00  1.453441E+00
  1.840000E+01  1.231032E+00  1.223322E+00  1.248913E+00  1.464848E+00
  1.860000E+01  1.231684E+00  1.223621E+00  1.249231E+00  1.464209E+00
  1.880000E+01  1.232329E+00  1.223980E+00  1.250062E+00  1.457267E+00
  1.900000E+01  1.232489E+00  1.223897E+00  1.250343E+00  1.477540E+00
  1.920000E+01  1.232889E+00  1.224213E+00  1.251081E+00  1.470635E+00
  1.940000E+01  1.233575E+00  1.224584E+00  1.251900E+00  1.475596E+00
  1.960000E+01  1.233366E+00  1.224459E+00  1.251864E+00  1.475477E+00
  1.980000E+01  1.233884E+00  1.224883E+00  1.252133E+00  1.467893E+00
  2.000000E+01  1.234944E+00  1.225892E+00  1.253658E+00  1.468384E+00
  2.020000E+01  1.234843E+00  1.225668E+00  1.253642E+00  1.469664E+00
  2.040000E+01  1.235047E+00  1.225778E+00  1.253860E+00  1.473795E+00
  2.060000E+01  1.235430E+00  1.226052E+00  1.253357E+00  1.474413E+00
  2.080000E+01  1.235957E+00  1.226297E+00  1.254082E+00  1.472365E+00
  2.100000E+01  1.236105E+00  1.226500E+00  1.254640E+00  1.471635E+00
  2.120000E+01  1.236129E+00  1.226240E+00  1.254834E+00  1.464567E+00
  2.140000E+01  1.236816E+00  1.226827E+00  1.255117E+00  1.453445E+00
  2.160000E+01  1.236173E+00  1.226239E+00  1.254197E+00  1.465149E+00
  2.180000E+01  1.235623E+00  1.225835E+00  1.254079E+00  1.474527E+00
  2.200000E+01  1.235022E+00  1.225235E+00  1.254142E+00  1.478522E+00
  2.220000E+01  1.234858E+00  1.225272E+00  1.253991E+00  1.476920E+00
  2.240000E+01  1.234856E+00  1.225201E+00  1.253876E+00  1.478238E+00
  2.260000E+01  1.235195E+00  1.225423E+00  1.253722E+00  1.476872E+00
  2.280000E+01  1.234964E+00  1.224887E+00  1.253055E+00  1.471724E+00
  2.300000E+01  1.234711E+00  1.224571E+00  1.253145E+00  1.471496E+00
  2.320000E+01  1.234922E+00  1.224587E+00  1.252650E+00  1.464698E+00
  2.340000E+01  1.235322E+00  1.224916E+00  1.253061E+00  1.467045E+00
  2.360000E+01  1.235220E+00  1.225072E+00  1.252639E+00  1.459193E+00
  2.380000E+01  1.234596E+00  1.224755E+00  1.252541E+00  1.456165E+00
  2.400000E+01  1.234876E+00  1.225278E+00  1.252757E+00  1.454954E+00
  2.420000E+01  1.234392E+00  1.225088E+00  1.253297E+00  1.455338E+00
  2.440000E+01  1.234180E+00  1.224958E+00  1.253737E+00  1.454285E+00
  2.460000E+01  1.233747E+00  1.224604E+00  1.253374E+00  1.459847E+00
  2.480000E+01  1.233316E+00  1.224351E+00  1.253545E+00  1.458290E+00
  2.500000E+01  1.233207E+00  1.224507E+00  1.253134E+00  1.456306E+00
  2.520000E+01  1.232795E+00  1.224332E+00  1.253222E+00  1.450318E+00
  2.540000E+01  1.232901E+00  1.224521E+00  1.253220E+00  1.450507E+00
  2.560000E+01  1.232211E+00  1.223974E+00  1.253266E+00  1.451223E+00
  2.580000E+01  1.232293E+00  1.223808E+00  1.252509E+00  1.452860E+00
  2.600000E+01  1.232114E+00  1.223711E+00  1.252400E+00  1.455478E+00
  2.620000E+01  1.232151E+00  1.223958E+00  1.253091E+00  1.449164E+00
  2.640000E+01  1.232540E+00  1.224357E+00  1.253613E+00  1.441262E+00
  2.660000E+01  1.232233E+00  1.224447E+00  1.254144E+00  1.449986E+00
  2.680000E+01  1.232032E+00  1.224248E+00  1.254082E+00  1.449261E+00
  2.700000E+01  1.231485E+00  1.224250E+00  1.254601E+00  1.452776E+00
  2.720000E+01  1.231861E+00  1.224639E+00  1.254679E+00  1.448341E+00
  2.740000E+01  1.231430E+00  1.224835E+00  1.254890E+00  1.452079E+00
  2.760000E+01  1.230856E+00  1.224636E+00  1.255283E+00  1.446957E+00
  2.780000E+01  1.230700E+00  1.224818E+00  1.256178E+00  1.441024E+00
  2.800000E+01  1.230304E+00  1.224752E+00  1.256723E+00  1.443854E+00
  2.820000E+01  1.229985E+00  1.225071E+00  1.257044E+00  1.445916E+00
  2.840000E+01  1.229775E+00  1.224948E+00  1.258050E+00  1.452865E+00
  2.860000E+01  1.229473E+00  1.224839E+00  1.258207E+00  1.457977E+00
  2.880000E+01  1.229486E+00  1.225183E+00  1.258822E+00  1.463530E+00
  2.900000E+01  1.228875E+00  1.225155E+00  1.258846E+00  1.464879E+00
  2.920000E+01  1.229178E+00  1.225910E+00  1.259181E+00  1.465546E+00
  2.940000E+01  1.228905E+00  1.226402E+00  1.259507E+00  1.466935E+00
  2.960000E+01  1.228932E+00  1.226774E+00  1.259812E+00  1.464111E+00
  2.980000E+01  1.228700E+00  1.227191E+00  1.261224E+00  1.466023E+00
  3.000000E+01  1.228681E+00  1.227393E+00  1.261393E+00  1.462258E+00
  2.000000E-01  1.206826E+00  1.220074E+00  1.253520E+00  0.000000E+00
  4.000000E-01  1.206534E+00  1.220081E+00  1.253859E+00  0.000000E+00
  6.000000E-01  1.206429E+00  1.220104E+00  1.254170E+00  0.000000E+00
  8.000000E-01  1.206315E+00  1.220045E+00  1.254439E+00  0.000000E+00
  1.000000E+00  1.206427E+00  1.219999E+00  1.254736E+00  0.000000E+00
  1.200000E+00  1.206881E+00  1.219889E+00  1.255137E+00  0.000000E+00
  1.400000E+00  1.206933E+00  1.219886E+00  1.255286E+00  0.000000E+00
  1.600000E+00  1.207048E+00  1.219902E+00  1.255605E+00  0.000000E+00
  1.800000E+00  1.207080E+00  1.219893E+00  1.255747E+00  0.000000E+00
  2.000000E+00  1.207176E+00  1.219991E+00  1.255843E+00  0.000000E+00
  2.200000E+00  1.207364E+00  1.219944E+00  1.256305E+00  0.000000E+00
  2.400000E+00  1.207134E+00  1.219943E+00  1.256435E+00  0.000000E+00
  2.600000E+00  1.207334E+00  1.219993E+00  1.256886E+00  0.000000E+00
  2.800000E+00  1.207327E+00  1.219981E+00  1.256774E+00  0.000000E+00
  3.000000E+00  1.207715E+00  1.220028E+00  1.256818E+00  0.000000E+00
  3.200000E+00  1.207873E+00  1.220009E+00  1.256587E+00  0.000000E+00
  3.400000E+00  1.208187E+00  1.220050E+00  1.256918E+00  0.000000E+00
  3.600000E+00  1.208295E+00  1.220068E+00  1.256951E+00  0.000000E+00
  3.800000E+00  1.208619E+00  1.220062E+00  1.256814E+00  0.000000E+00
  4.000000E+00  1.208945E+00  1.220013E+00  1.256823E+00  0.000000E+00
  4.200000E+00  1.209130E+00  1.220003E+00  1.257125E+00  0.000000E+00
  4.400000E+00  1.209136E+00  1.219894E+00  1.257529E+00  0.000000E+00
  4.600000E+00  1.209227E+00  1.219838E+00  1.257550E+00  0.000000E+00
  4.800000E+00  1.209296E+00  1.219776E+00  1.257720E+00  0.000000E+00
  5.000000E+00  1.209780E+00  1.219772E+00  1.257633E+00  0.000000E+00
  5.200000E+00  1.209988E+00  1.219701E+00  1.257738E+00  0.000000E+00
  5.400000E+00  1.210382E+00  1.219607E+00  1.257818E+00  0.000000E+00
  5.600000E+00  1.210853E+00  1.219513E+00  1.257791E+00  0.000000E+00
  5.800000E+00  1.210988E+00  1.219438E+00  1.257181E+00  0.000000E+00
  6.000000E+00  1.211315E+00  1.219361E+00  1.257406E+00  0.000000E+00
  6.200000E+00  1.211521E+00  1.219418E+00  1.256995E+00  0.000000E+00
  6.400000E+00  1.211938E+00  1.219418E+00  1.256970E+00  0.000000E+00
  6.600000E+00  1.212194E+00  1.219491E+00  1.256229E+00  0.000000E+00
  6.800000E+00  1.212341E+00  1.219331E+00  1.255717E+00  0.000000E+00
  7.000000E+00  1.212767E+00  1.219333E+00  1.255563E+00  0.000000E+00
  7.200000E+00  1.213213E+00  1.219242E+00  1.255246E+00  0.000000E+00
  7.400000E+00  1.213265E+00  1.219182E+00  1.254500E+00  0.000000E+00
  7.600000E+00  1.213582E+00  1.219222E+00  1.253865E+00  2.000000E+00
  7.800000E+00  1.214157E+00  1.219180E+00  1.253406E+00  2.000000E+00
  8.000000E+00  1.214236E+00  1.219343E+00  1.252856E+00  2.000000E+00
  8.200000E+00  1.214732E+00  1.219388E+00  1.251942E+00  1.666667E+00
  8.400000E+00  1.214876E+00  1.219359E+00  1.251230E+00  1.666667E+00
  8.600000E+00  1.214832E+00  1.219396E+00  1.250459E+00  1.666667E+00
  8.800000E+00  1.214979E+00  1.219504E+00  1.249925E+00  1.750000E+00
  9.000000E+00  1.215109E+00  1.219512E+00  1.249128E+00  1.600000E+00
  9.200000E+00  1.215479E+00  1.219471E+00  1.248698E+00  1.800000E+00
  9.400000E+00  1.215788E+00  1.219537E+00  1.248218E+00  1.800000E+00
  9.600000E+00  1.216061E+00  1.219455E+00  1.248206E+00  2.000000E+00
  9.800000E+00  1.216375E+00  1.219518E+00  1.247736E+00  2.333333E+00
  1.000000E+01  1.216703E+00  1.219471E+00  1.247128E+00  2.333333E+00
  1.020000E+01  1.216759E+00  1.219418E+00  1.246671E+00  2.333333E+00
  1.040000E+01  1.217138E+00  1.219437E+00  1.246597E+00  2.500000E+00
  1.060000E+01  1.217638E+00  1.219307E+00  1.246346E+00  2.333333E+00
  1.080000E+01  1.217961E+00  1.219282E+00  1.245457E+00  2.444444E+00
  1.100000E+01  1.218285E+00  1.219268E+00  1.245313E+00  2.363636E+00
  1.120000E+01  1.218220E+00  1.219332E+00  1.244751E+00  2.142857E+00
  1.140000E+01  1.218171E+00  1.219335E+00  1.244262E+00  1.900000E+00
  1.160000E+01  1.218339E+00  1.219339E+00  1.243947E+00  1.904762E+00
  1.180000E+01  1.218886E+00  1.219334E+00  1.244078E+00  1.909091E+00
  1.200000E+01  1.219192E+00  1.219349E+00  1.243743E+00  1.916667E+00
  1.220000E+01  1.219585E+00  1.219377E+00  1.244010E+00  1.920000E+00
  1.240000E+01  1.219839E+00  1.219379E+00  1.244270E+00  1.920000E+00
  1.260000E+01  1.220014E+00  1.219405E+00  1.244631E+00  1.838710E+00
  1.280000E+01  1.220332E+00  1.219389E+00  1.244744E+00  1.828571E+00
  1.300000E+01  1.220565E+00  1.219284E+00  1.244302E+00  1.794872E+00
  1.320000E+01  1.220960E+00  1.219317E+00  1.244389E+00  1.711111E+00
  1.340000E+01  1.221355E+00  1.219293E+00  1.244251E+00  1.687500E+00
  1.360000E+01  1.221631E+00  1.219333E+00  1.244109E+00  1.795918E+00
  1.380000E+01  1.221927E+00  1.219280E+00  1.243883E+00  1.833333E+00
  1.400000E+01  1.222141E+00  1.219306E+00  1.244183E+00  1.833333E+00
  1.420000E+01  1.222389E+00  1.219190E+00  1.244618E+00  1.808824E+00
  1.440000E+01  1.222335E+00  1.219203E+00  1.244331E+00  1.723684E+00
  1.460000E+01  1.222599E+00  1.219260E+00  1.244418E+00  1.784810E+00
  1.480000E+01  1.222964E+00  1.219339E+00  1.244480E+00  1.747368E+00
  1.500000E+01  1.223212E+00  1.219483E+00  1.244577E+00  1.719298E+00
  1.520000E+01  1.223790E+00  1.219565E+00  1.244597E+00  1.654412E+00
  1.540000E+01  1.224264E+00  1.219556E+00  1.244643E+00  1.575000E+00
  1.560000E+01  1.224529E+00  1.219653E+00  1.244996E+00  1.556150E+00
  1.580000E+01  1.224715E+00  1.219761E+00  1.244866E+00  1.510823E+00
  1.600000E+01  1.225078E+00  1.219894E+00  1.245019E+00  1.510870E+00
  1.620000E+01  1.225593E+00  1.220048E+00  1.244995E+00  1.552050E+00
  1.640000E+01  1.225779E+00  1.220199E+00  1.245410E+00  1.487374E+00
  1.660000E+01  1.226425E+00  1.220574E+00  1.246007E+00  1.460043E+00
  1.680000E+01  1.226713E+00  1.220721E+00  1.246259E+00  1.473684E+00
  1.700000E+01  1.226885E+00  1.220836E+00  1.246454E+00  1.490909E+00
  1.720000E+01  1.227456E+00  1.221166E+00  1.246292E+00  1.489281E+00
  1.740000E+01  1.228126E+00  1.221423E+00  1.247095E+00  1.531111E+00
  1.760000E+01  1.228256E+00  1.221409E+00  1.247259E+00  1.515789E+00
  1.780000E+01  1.228821E+00  1.221847E+00  1.247807E+00  1.517617E+00
  1.800000E+01  1.228956E+00  1.221952E+00  1.248430E+00  1.521158E+00
  1.820000E+01  1.229600E+00  1.222376E+00  1.248837E+00  1.493557E+00
  1.840000E+01  1.229626E+00  1.222373E+00  1.248919E+00  1.491249E+00
  1.860000E+01  1.230213E+00  1.222673E+00  1.249351E+00  1.500000E+00
  1.880000E+01  1.230483E+00  1.222821E+00  1.249736E+00  1.493774E+00
  1.900000E+01  1.231098E+00  1.223270E+00  1.250334E+00  1.469828E+00
  1.920000E+01  1.231502E+00  1.223478E+00  1.251047E+00  1.457521E+00
  1.940000E+01  1.232309E+00  1.223959E+00  1.251351E+00  1.465734E+00
  1.960000E+01  1.232654E+00  1.224229E+00  1.251757E+00  1.463383E+00
  1.980000E+01  1.233298E+00  1.224795E+00  1.252109E+00  1.444077E+00
  2.000000E+01  1.233930E+00  1.225345E+00  1.252664E+00  1.453409E+00
  2.020000E+01  1.234595E+00  1.225957E+00  1.253282E+00  1.454667E+00
  2.040000E+01  1.234546E+00  1.225850E+00  1.253205E+00  1.473805E+00
  2.060000E+01  1.234556E+00  1.225994E+00  1.253544E+00  1.465054E+00
  2.080000E+01  1.235113E+00  1.226091E+00  1.253535E+00  1.466482E+00
  2.100000E+01  1.235344E+00  1.226535E+00  1.253846E+00  1.469991E+00
  2.120000E+01  1.235696E+00  1.226980E+00  1.254354E+00  1.468117E+00
  2.140000E+01  1.235829E+00  1.227114E+00  1.254490E+00  1.469709E+00
  2.160000E+01  1.236315E+00  1.227347E+00  1.255024E+00  1.453709E+00
  2.180000E+01  1.236930E+00  1.227595E+00  1.255430E+00  1.452834E+00
  2.200000E+01  1.237322E+00  1.228101E+00  1.256062E+00  1.452429E+00
  2.220000E+01  1.237664E+00  1.228345E+00  1.256396E+00  1.423756E+00
  2.240000E+01  1.237757E+00  1.228366E+00  1.255739E+00  1.432982E+00
  2.260000E+01  1.236962E+00  1.227680E+00  1.255737E+00  1.439472E+00
  2.280000E+01  1.236419E+00  1.227231E+00  1.255184E+00  1.436558E+00
  2.300000E+01  1.235864E+00  1.226789E+00  1.254625E+00  1.440692E+00
  2.320000E+01  1.235327E+00  1.226439E+00  1.254900E+00  1.439389E+00
  2.340000E+01  1.235507E+00  1.226715E+00  1.255028E+00  1.438625E+00
  2.360000E+01  1.235207E+00  1.226570E+00  1.255218E+00  1.432037E+00
  2.380000E+01  1.235490E+00  1.226782E+00  1.255221E+00  1.430081E+00
  2.400000E+01  1.234624E+00  1.226393E+00  1.255226E+00  1.422066E+00
  2.420000E+01  1.234744E+00  1.226371E+00  1.254769E+00  1.425246E+00
  2.440000E+01  1.234530E+00  1.226211E+00  1.254871E+00  1.436696E+00
  2.460000E+01  1.233895E+00  1.225866E+00  1.254811E+00  1.438617E+00
  2.480000E+01  1.234014E+00  1.225858E+00  1.254720E+00  1.438467E+00
  2.500000E+01  1.234204E+00  1.226144E+00  1.254903E+00  1.436319E+00
  2.520000E+01  1.234336E+00  1.226315E+00  1.254571E+00  1.439641E+00
  2.540000E+01  1.234168E+00  1.226361E+00  1.254872E+00  1.441579E+00
  2.560000E+01  1.233758E+00  1.225692E+00  1.254340E+00  1.436652E+00
  2.580000E+01  1.233484E+00  1.225522E+00  1.254595E+00  1.437500E+00
  2.600000E+01  1.233594E+00  1.225859E+00  1.255022E+00  1.433380E+00
  2.620000E+01  1.233393E+00  1.225675E+00  1.254519E+00  1.441828E+00
  2.640000E+01  1.233908E+00  1.226023E+00  1.255325E+00  1.445734E+00
  2.660000E+01  1.233784E+00  1.225971E+00  1.255565E+00  1.431123E+00
  2.680000E+01  1.233563E+00  1.226027E+00  1.256029E+00  1.433059E+00
  2.700000E+01  1.233890E+00  1.226668E+00  1.257299E+00  1.432142E+00
  2.720000E+01  1.233742E+00  1.226585E+00  1.257345E+00  1.435436E+00
  2.740000E+01  1.233860E+00  1.226837E+00  1.258589E+00  1.436222E+00
  2.760000E+01  1.233526E+00  1.226912E+00  1.258930E+00  1.431401E+00
  2.780000E+01  1.233834E+00  1.227309E+00  1.259332E+00  1.433720E+00
  2.800000E+01  1.233746E+00  1.227319E+00  1.259186E+00  1.433466E+00
  2.820000E+01  1.233813E+00  1.227824E+00  1.259654E+00  1.434621E+00
  2.840000E+01  1.233733E+00  1.228117E+00  1.260201E+00  1.432891E+00
  2.860000E+01  1.233535E+00  1.228426E+00  1.260220E+00  1.437500E+00
  2.880000E+01  1.233234E+00  1.228477E+00  1.260704E+00  1.437304E+00
  2.900000E+01  1.232958E+00  1.228411E+00  1.260821E+00  1.431057E+00
  2.920000E+01  1.232586E+00  1.228251E+00  1.261990E+00  1.434180E+00
  2.940000E+01  1.231859E+00  1.227838E+00  1.261573E+00  1.430946E+00
  2.960000E+01  1.230976E+00  1.227605E+00  1.261668E+00  1.428462E+00
  2.980000E+01  1.230210E+00  1.227375E+00  1.262384E+00  1.435723E+00
  3.000000E+01  1.230251E+00  1.227433E+00  1.262352E+00  1.438529E+00
  2.000000E-01  1.205892E+00  1.220774E+00  1.253669E+00  0.000000E+00
  4.000000E-01  1.206089E+00  1.220759E+00  1.254024E+00  0.000000E+00
  6.000000E-01  1.206274E+00  1.220733E+00  1.254423E+00  0.000000E+00
  8.000000E-01  1.206400E+00  1.220710E+00  1.254623E+00  0.000000E+00
  1.000000E+00  1.206457E+00  1.220708E+00  1.254876E+00  0.000000E+00
  1.200000E+00  1.206440E+00  1.220726E+00  1.255209E+00  0.000000E+00
  1.400000E+00  1.206373E+00  1.220795E+00  1.255521E+00  0.000000E+00
  1.600000E+00  1.206510E+00  1.220780E+00  1.255969E+00  0.000000E+00
  1.800000E+00  1.206783E+00  1.220788E+00  1.256283E+00  0.000000E+00
  2.000000E+00  1.207057E+00  1.220818E+00  1.256304E+00  0.000000E+00
  2.200000E+00  1.207060E+00  1.220847E+00  1.256313E+00  0.000000E+00
  2.400000E+00  1.207120E+00  1.220916E+00  1.256737E+00  0.000000E+00
  2.600000E+00  1.207262E+00  1.220906E+00  1.256770E+00  0.000000E+00
  2.800000E+00  1.207610E+00  1.220930E+00  1.256843E+00  0.000000E+00
  3.000000E+00  1.207532E+00  1.220981E+00  1.256679E+00  0.000000E+00
  3.200000E+00  1.207494E+00  1.220944E+00  1.256924E+00  0.000000E+00
  3.400000E+00  1.207300E+00  1.220886E+00  1.257024E+00  0.000000E+00
  3.600000E+00  1.207588E+00  1.220888E+00  1.256945E+00  0.000000E+00
  3.800000E+00  1.207814E+00  1.220936E+00  1.257171E+00  0.000000E+00
  4.000000E+00  1.208185E+00  1.220912E+00  1.257188E+00  0.000000E+00
  4.200000E+00  1.208219E+00  1.220928E+00  1.257433E+00  0.000000E+00
  4.400000E+00  1.208612E+00  1.220861E+00  1.257612E+00  0.000000E+00
  4.600000E+00  1.208949E+00  1.220745E+00  1.257837E+00  0.000000E+00
  4.800000E+00  1.208938E+00  1.220742E+00  1.257985E+00  0.000000E+00
  5.000000E+00  1.209092E+00  1.220750E+00  1.257762E+00  0.000000E+00
  5.200000E+00  1.209588E+00  1.220706E+00  1.257732E+00  0.000000E+00
  5.400000E+00  1.209968E+00  1.220797E+00  1.257700E+00  0.000000E+00
  5.600000E+00  1.210352E+00  1.220855E+00  1.257430E+00  0.000000E+00
  5.800000E+00  1.210859E+00  1.220833E+00  1.256941E+00  0.000000E+00
  6.000000E+00  1.210909E+00  1.220894E+00  1.256938E+00  0.000000E+00
  6.200000E+00  1.211083E+00  1.220915E+00  1.256560E+00  0.000000E+00
  6.400000E+00  1.211314E+00  1.220922E+00  1.255886E+00  0.000000E+00
  6.600000E+00  1.212097E+00  1.220954E+00  1.256006E+00  0.000000E+00
  6.800000E+00  1.212234E+00  1.220872E+00  1.255580E+00  0.000000E+00
  7.000000E+00  1.212686E+00  1.220923E+00  1.255051E+00  0.000000E+00
  7.200000E+00  1.212996E+00  1.220930E+00  1.254266E+00  0.000000E+00
  7.400000E+00  1.213565E+00  1.220875E+00  1.253815E+00  1.000000E+00
  7.600000E+00  1.213823E+00  1.220837E+00  1.252994E+00  1.000000E+00
  7.800000E+00  1.214536E+00  1.220897E+00  1.252969E+00  1.000000E+00
  8.000000E+00  1.214760E+00  1.220749E+00  1.252102E+00  1.500000E+00
  8.200000E+00  1.215004E+00  1.220777E+00  1.251382E+00  2.000000E+00
  8.400000E+00  1.215378E+00  1.220850E+00  1.251005E+00  3.000000E+00
  8.600000E+00  1.215819E+00  1.220905E+00  1.250056E+00  3.000000E+00
  8.800000E+00  1.215938E+00  1.220899E+00  1.249216E+00  2.000000E+00
  9.000000E+00  1.216291E+00  1.220930E+00  1.248538E+00  1.833333E+00
  9.200000E+00  1.216504E+00  1.220987E+00  1.248020E+00  2.000000E+00
  9.400000E+00  1.216800E+00  1.220882E+00  1.247767E+00  1.714286E+00
  9.600000E+00  1.217135E+00  1.220920E+00  1.247076E+00  1.777778E+00
  9.800000E+00  1.217520E+00  1.220997E+00  1.246584E+00  1.538462E+00
  1.000000E+01  1.217822E+00  1.221012E+00  1.246407E+00  1.769231E+00
  1.020000E+01  1.218118E+00  1.220928E+00  1.246128E+00  1.642857E+00
  1.040000E+01  1.218650E+00  1.220782E+00  1.245489E+00  1.714286E+00
  1.060000E+01  1.219118E+00  1.220692E+00  1.245556E+00  1.846154E+00
  1.080000E+01  1.219441E+00  1.220593E+00  1.245221E+00  1.750000E+00
  1.100000E+01  1.219704E+00  1.220491E+00  1.244442E+00  1.631579E+00
  1.120000E+01  1.219945E+00  1.220629E+00  1.244083E+00  1.700000E+00
  1.140000E+01  1.220192E+00  1.220626E+00  1.243893E+00  1.666667E+00
  1.160000E+01  1.220215E+00  1.220469E+00  1.243613E+00  1.642857E+00
  1.180000E+01  1.220570E+00  1.220556E+00  1.243297E+00  1.696970E+00
  1.200000E+01  1.220866E+00  1.220649E+00  1.243173E+00  1.625000E+00
  1.220000E+01  1.221118E+00  1.220770E+00  1.243223E+00  1.613636E+00
  1.240000E+01  1.221228E+00  1.220801E+00  1.242993E+00  1.739130E+00
  1.260000E+01  1.221420E+00  1.220842E+00  1.243312E+00  1.673077E+00
  1.280000E+01  1.221751E+00  1.220876E+00  1.243349E+00  1.690909E+00
  1.300000E+01  1.222175E+00  1.220909E+00  1.243229E+00  1.666667E+00
  1.320000E+01  1.222590E+00  1.221049E+00  1.243346E+00  1.661290E+00
  1.340000E+01  1.222912E+00  1.221096E+00  1.243764E+00  1.628571E+00
  1.360000E+01  1.223056E+00  1.221172E+00  1.243763E+00  1.576471E+00
  1.380000E+01  1.223390E+00  1.221272E+00  1.244027E+00  1.586957E+00
  1.400000E+01  1.223591E+00  1.221396E+00  1.243672E+00  1.554455E+00
  1.420000E+01  1.224005E+00  1.221473E+00  1.243619E+00  1.551402E+00
  1.440000E+01  1.224259E+00  1.221504E+00  1.243448E+00  1.625000E+00
  1.460000E+01  1.224475E+00  1.221533E+00  1.243385E+00  1.623932E+00
  1.480000E+01  1.224734E+00  1.221618E+00  1.243836E+00  1.606061E+00
  1.500000E+01  1.225112E+00  1.221803E+00  1.244037E+00  1.573248E+00
  1.520000E+01  1.225322E+00  1.221923E+00  1.243852E+00  1.575269E+00
  1.540000E+01  1.225633E+00  1.222112E+00  1.244004E+00  1.508850E+00
  1.560000E+01  1.226001E+00  1.222315E+00  1.244323E+00  1.530686E+00
  1.580000E+01  1.226240E+00  1.222371E+00  1.244685E+00  1.521605E+00
  1.600000E+01  1.226625E+00  1.222369E+00  1.244583E+00  1.531250E+00
  1.620000E+01  1.227076E+00  1.222556E+00  1.244948E+00  1.514634E+00
  1.640000E+01  1.227611E+00  1.222679E+00  1.245545E+00  1.464066E+00
  1.660000E+01  1.227991E+00  1.222786E+00  1.245534E+00  1.476950E+00
  1.680000E+01  1.228432E+00  1.223026E+00  1.246141E+00  1.476190E+00
  1.700000E+01  1.228588E+00  1.223042E+00  1.246326E+00  1.502801E+00
  1.720000E+01  1.228859E+00  1.223120E+00  1.246186E+00  1.521197E+00
  1.740000E+01  1.229023E+00  1.223176E+00  1.246367E+00  1.516903E+00
  1.760000E+01  1.229285E+00  1.223378E+00  1.246707E+00  1.517824E+00
  1.780000E+01  1.229911E+00  1.223701E+00  1.246564E+00  1.487844E+00
  1.800000E+01  1.230089E+00  1.223785E+00  1.246901E+00  1.490309E+00
  1.820000E+01  1.230453E+00  1.223933E+00  1.247258E+00  1.482074E+00
  1.840000E+01  1.230581E+00  1.224066E+00  1.247277E+00  1.486736E+00
  1.860000E+01  1.231457E+00  1.224423E+00  1.248178E+00  1.463776E+00
  1.880000E+01  1.232298E+00  1.224943E+00  1.248645E+00  1.477347E+00
  1.900000E+01  1.232940E+00  1.225125E+00  1.249552E+00  1.446737E+00
  1.920000E+01  1.233653E+00  1.225583E+00  1.249889E+00  1.465343E+00
  1.940000E+01  1.234202E+00  1.225713E+00  1.250508E+00  1.471289E+00
  1.960000E+01  1.234918E+00  1.225919E+00  1.250771E+00  1.469848E+00
  1.980000E+01  1.235759E+00  1.226322E+00  1.251237E+00  1.457721E+00
  2.000000E+01  1.235918E+00  1.226517E+00  1.251829E+00  1.473137E+00
  2.020000E+01  1.236019E+00  1.226476E+00  1.251968E+00  1.468547E+00
  2.040000E+01  1.235906E+00  1.226190E+00  1.252181E+00  1.466822E+00
  2.060000E+01  1.236534E+00  1.226438E+00  1.252163E+00  1.475369E+00
  2.080000E+01  1.236618E+00  1.226365E+00  1.251973E+00  1.470354E+00
  2.100000E+01  1.236640E+00  1.226589E+00  1.252405E+00  1.486676E+00
  2.120000E+01  1.236329E+00  1.226389E+00  1.252078E+00  1.497173E+00
  2.140000E+01  1.236523E+00  1.226376E+00  1.252000E+00  1.483448E+00
  2.160000E+01  1.236759E+00  1.226405E+00  1.252047E+00  1.466068E+00
  2.180000E+01  1.236878E+00  1.226331E+00  1.252090E+00  1.477679E+00
  2.200000E+01  1.236610E+00  1.226013E+00  1.251654E+00  1.471188E+00
  2.220000E+01  1.236282E+00  1.225541E+00  1.250977E+00  1.479348E+00
  2.240000E+01  1.236022E+00  1.225236E+00  1.250751E+00  1.480245E+00
  2.260000E+01  1.235579E+00  1.224625E+00  1.251043E+00  1.457991E+00
  2.280000E+01  1.235278E+00  1.224416E+00  1.250871E+00  1.459395E+00
  2.300000E+01  1.235039E+00  1.224198E+00  1.250114E+00  1.460198E+00
  2.320000E+01  1.234693E+00  1.224012E+00  1.249810E+00  1.459593E+00
  2.340000E+01  1.234651E+00  1.223798E+00  1.249020E+00  1.464192E+00
  2.360000E+01  1.234981E+00  1.224325E+00  1.249039E+00  1.466871E+00
  2.380000E+01  1.234498E+00  1.224112E+00  1.248662E+00  1.464246E+00
  2.400000E+01  1.234679E+00  1.224154E+00  1.248669E+00  1.463403E+00
  2.420000E+01  1.234332E+00  1.223670E+00  1.249029E+00  1.467422E+00
  2.440000E+01  1.234088E+00  1.223502E+00  1.248709E+00  1.468812E+00
  2.460000E+01  1.234319E+00  1.223562E+00  1.248849E+00  1.471383E+00
  2.480000E+01  1.233959E+00  1.223478E+00  1.248766E+00  1.477163E+00
  2.500000E+01  1.233935E+00  1.223539E+00  1.248254E+00  1.469869E+00
  2.520000E+01  1.234595E+00  1.224096E+00  1.248731E+00  1.461266E+00
  2.540000E+01  1.234721E+00  1.224414E+00  1.248835E+00  1.455672E+00
  2.560000E+01  1.233826E+00  1.224131E+00  1.248936E+00  1.452697E+00
  2.580000E+01  1.233593E+00  1.224381E+00  1.249211E+00  1.456173E+00
  2.600000E+01  1.234046E+00  1.225175E+00  1.249926E+00  1.438507E+00
  2.620000E+01  1.234150E+00  1.225378E+00  1.250633E+00  1.445180E+00
  2.640000E+01  1.233475E+00  1.225374E+00  1.250617E+00  1.443590E+00
  2.660000E+01  1.233544E+00  1.225633E+00  1.251597E+00  1.439556E+00
  2.680000E+01  1.232947E+00  1.225628E+00  1.251988E+00  1.445598E+00
  2.700000E+01  1.232741E+00  1.225752E+00  1.252358E+00  1.443420E+00
  2.720000E+01  1.233260E+00  1.226260E+00  1.252884E+00  1.445981E+00
  2.740000E+01  1.232887E+00  1.226249E+00  1.252906E+00  1.446672E+00
  2.760000E+01  1.233337E+00  1.226884E+00  1.253703E+00  1.447276E+00
  2.780000E+01  1.233274E+00  1.227432E+00  1.254311E+00  1.451770E+00
  2.800000E+01  1.232711E+00  1.227176E+00  1.254361E+00  1.446168E+00
  2.820000E+01  1.232407E+00  1.226958E+00  1.254628E+00  1.441090E+00
  2.840000E+01  1.231686E+00  1.226733E+00  1.254892E+00  1.444474E+00
  2.860000E+01  1.231331E+00  1.226856E+00  1.255688E+00  1.442647E+00
  2.880000E+01  1.231002E+00  1.226651E+00  1.256323E+00  1.447675E+00
  2.900000E+01  1.230661E+00  1.227024E+00  1.257193E+00  1.450302E+00
  2.920000E+01  1.230833E+00  1.227518E+00  1.257193E+00  1.456716E+00
  2.940000E+01  1.230534E+00  1.227420E+00  1.257441E+00  1.459145E+00
  2.960000E+01  1.230282E+00  1.227355E+00  1.257886E+00  1.459568E+00
  2.980000E+01  1.229903E+00  1.227578E+00  1.258249E+00  1.452937E+00
  3.000000E+01  1.229751E+00  1.227671E+00  1.257976E+00  1.452032E+00
