 # time N_2body(integrated) N_2body(timestep)
  2.000000E-01  0.000000E+00  0.000000E+00
  4.000000E-01  0.000000E+00  0.000000E+00
  6.000000E-01  0.000000E+00  0.000000E+00
  8.000000E-01  0.000000E+00  0.000000E+00
  1.000000E+00  0.000000E+00  0.000000E+00
  1.200000E+00  0.000000E+00  0.000000E+00
  1.400000E+00  0.000000E+00  0.000000E+00
  1.600000E+00  0.000000E+00  0.000000E+00
  1.800000E+00  0.000000E+00  0.000000E+00
  2.000000E+00  0.000000E+00  0.000000E+00
  2.200000E+00  1.000000E-04  1.000000E-04
  2.400000E+00  3.000000E-04  2.000000E-04
  2.600000E+00  3.000000E-04  0.000000E+00
  2.800000E+00  3.000000E-04  0.000000E+00
  3.000000E+00  3.000000E-04  0.000000E+00
  3.200000E+00  3.000000E-04  0.000000E+00
  3.400000E+00  3.000000E-04  0.000000E+00
  3.600000E+00  3.000000E-04  0.000000E+00
  3.800000E+00  3.000000E-04  0.000000E+00
  4.000000E+00  5.000000E-04  2.000000E-04
  4.200000E+00  5.000000E-04  0.000000E+00
  4.400000E+00  6.000000E-04  1.000000E-04
  4.600000E+00  6.000000E-04  0.000000E+00
  4.800000E+00  1.000000E-03  4.000000E-04
  5.000000E+00  1.500000E-03  5.000000E-04
  5.200000E+00  1.900000E-03  4.000000E-04
  5.400000E+00  2.500000E-03  6.000000E-04
  5.600000E+00  3.600000E-03  1.100000E-03
  5.800000E+00  4.400000E-03  8.000000E-04
  6.000000E+00  5.200000E-03  8.000000E-04
  6.200000E+00  6.600000E-03  1.400000E-03
  6.400000E+00  8.600000E-03  2.000000E-03
  6.600000E+00  1.110000E-02  2.500000E-03
  6.800000E+00  1.340000E-02  2.300000E-03
  7.000000E+00  1.700000E-02  3.600000E-03
  7.200000E+00  1.960000E-02  2.600000E-03
  7.400000E+00  2.450000E-02  4.900000E-03
  7.600000E+00  3.060000E-02  6.100000E-03
  7.800000E+00  3.660000E-02  6.000000E-03
  8.000000E+00  4.290000E-02  6.300000E-03
  8.200000E+00  5.370000E-02  1.080000E-02
  8.400000E+00  6.690000E-02  1.320000E-02
  8.600000E+00  9.040000E-02  2.350000E-02
  8.800000E+00  1.305000E-01  4.010000E-02
  9.000000E+00  1.877000E-01  5.720000E-02
  9.200000E+00  2.730000E-01  8.530000E-02
  9.400000E+00  3.895000E-01  1.165000E-01
  9.600000E+00  5.314000E-01  1.419000E-01
  9.800000E+00  7.086000E-01  1.772000E-01
  1.000000E+01  9.151000E-01  2.065000E-01
  1.020000E+01  1.141200E+00  2.261000E-01
  1.040000E+01  1.387100E+00  2.459000E-01
  1.060000E+01  1.647800E+00  2.607000E-01
  1.080000E+01  1.922800E+00  2.750000E-01
  1.100000E+01  2.214000E+00  2.912000E-01
  1.120000E+01  2.499600E+00  2.856000E-01
  1.140000E+01  2.818800E+00  3.192000E-01
  1.160000E+01  3.136100E+00  3.173000E-01
  1.180000E+01  3.453200E+00  3.171000E-01
  1.200000E+01  3.764900E+00  3.117000E-01
  1.220000E+01  4.081300E+00  3.164000E-01
  1.240000E+01  4.394800E+00  3.135000E-01
  1.260000E+01  4.701200E+00  3.064000E-01
  1.280000E+01  5.008500E+00  3.073000E-01
  1.300000E+01  5.319300E+00  3.108000E-01
  1.320000E+01  5.620100E+00  3.008000E-01
  1.340000E+01  5.932400E+00  3.123000E-01
  1.360000E+01  6.234000E+00  3.016000E-01
  1.380000E+01  6.543500E+00  3.095000E-01
  1.400000E+01  6.853600E+00  3.101000E-01
  1.420000E+01  7.161100E+00  3.075000E-01
  1.440000E+01  7.481600E+00  3.205000E-01
  1.460000E+01  7.788700E+00  3.071000E-01
  1.480000E+01  8.093500E+00  3.048000E-01
  1.500000E+01  8.407100E+00  3.136000E-01
  1.520000E+01  8.716300E+00  3.092000E-01
  1.540000E+01  9.027300E+00  3.110000E-01
  1.560000E+01  9.340600E+00  3.133000E-01
  1.580000E+01  9.656000E+00  3.154000E-01
  1.600000E+01  9.970500E+00  3.145000E-01
  1.620000E+01  1.028420E+01  3.137000E-01
  1.640000E+01  1.059750E+01  3.133000E-01
  1.660000E+01  1.091220E+01  3.147000E-01
  1.680000E+01  1.121840E+01  3.062000E-01
  1.700000E+01  1.151690E+01  2.985000E-01
  1.720000E+01  1.181970E+01  3.028000E-01
  1.740000E+01  1.211870E+01  2.990000E-01
  1.760000E+01  1.242700E+01  3.083000E-01
  1.780000E+01  1.272180E+01  2.948000E-01
  1.800000E+01  1.300880E+01  2.870000E-01
  1.820000E+01  1.330470E+01  2.959000E-01
  1.840000E+01  1.358760E+01  2.829000E-01
  1.860000E+01  1.387070E+01  2.831000E-01
  1.880000E+01  1.415790E+01  2.872000E-01
  1.900000E+01  1.444140E+01  2.835000E-01
  1.920000E+01  1.471400E+01  2.726000E-01
  1.940000E+01  1.499780E+01  2.838000E-01
  1.960000E+01  1.526760E+01  2.698000E-01
  1.980000E+01  1.553740E+01  2.698000E-01
  2.000000E+01  1.579690E+01  2.595000E-01
  2.020000E+01  1.605210E+01  2.552000E-01
  2.040000E+01  1.629870E+01  2.466000E-01
  2.060000E+01  1.654670E+01  2.480000E-01
  2.080000E+01  1.677870E+01  2.320000E-01
  2.100000E+01  1.702730E+01  2.486000E-01
  2.120000E+01  1.725650E+01  2.292000E-01
  2.140000E+01  1.748710E+01  2.306000E-01
  2.160000E+01  1.772190E+01  2.348000E-01
  2.180000E+01  1.793760E+01  2.157000E-01
  2.200000E+01  1.815770E+01  2.201000E-01
  2.220000E+01  1.837550E+01  2.178000E-01
  2.240000E+01  1.858460E+01  2.091000E-01
  2.260000E+01  1.879940E+01  2.148000E-01
  2.280000E+01  1.900800E+01  2.086000E-01
  2.300000E+01  1.921690E+01  2.089000E-01
  2.320000E+01  1.942500E+01  2.081000E-01
  2.340000E+01  1.962550E+01  2.005000E-01
  2.360000E+01  1.982280E+01  1.973000E-01
  2.380000E+01  2.001850E+01  1.957000E-01
  2.400000E+01  2.021410E+01  1.956000E-01
  2.420000E+01  2.040640E+01  1.923000E-01
  2.440000E+01  2.059040E+01  1.840000E-01
  2.460000E+01  2.077300E+01  1.826000E-01
  2.480000E+01  2.094860E+01  1.756000E-01
  2.500000E+01  2.112450E+01  1.759000E-01
  2.520000E+01  2.130260E+01  1.781000E-01
  2.540000E+01  2.148140E+01  1.788000E-01
  2.560000E+01  2.165300E+01  1.716000E-01
  2.580000E+01  2.182250E+01  1.695000E-01
  2.600000E+01  2.198930E+01  1.668000E-01
  2.620000E+01  2.215810E+01  1.688000E-01
  2.640000E+01  2.232430E+01  1.662000E-01
  2.660000E+01  2.249410E+01  1.698000E-01
  2.680000E+01  2.265450E+01  1.604000E-01
  2.700000E+01  2.280920E+01  1.547000E-01
  2.720000E+01  2.297660E+01  1.674000E-01
  2.740000E+01  2.313450E+01  1.579000E-01
  2.760000E+01  2.329430E+01  1.598000E-01
  2.780000E+01  2.344450E+01  1.502000E-01
  2.800000E+01  2.359940E+01  1.549000E-01
  2.820000E+01  2.375120E+01  1.518000E-01
  2.840000E+01  2.389920E+01  1.480000E-01
  2.860000E+01  2.404570E+01  1.465000E-01
  2.880000E+01  2.418920E+01  1.435000E-01
  2.900000E+01  2.433820E+01  1.490000E-01
  2.920000E+01  2.448420E+01  1.460000E-01
  2.940000E+01  2.463160E+01  1.474000E-01
  2.960000E+01  2.477090E+01  1.393000E-01
  2.980000E+01  2.491490E+01  1.440000E-01
  3.000000E+01  2.505370E+01  1.388000E-01
  2.000000E-01  0.000000E+00  0.000000E+00
  4.000000E-01  0.000000E+00  0.000000E+00
  6.000000E-01  0.000000E+00  0.000000E+00
  8.000000E-01  0.000000E+00  0.000000E+00
  1.000000E+00  1.000000E-04  1.000000E-04
  1.200000E+00  1.000000E-04  0.000000E+00
  1.400000E+00  1.000000E-04  0.000000E+00
  1.600000E+00  1.000000E-04  0.000000E+00
  1.800000E+00  1.000000E-04  0.000000E+00
  2.000000E+00  1.000000E-04  0.000000E+00
  2.200000E+00  1.000000E-04  0.000000E+00
  2.400000E+00  1.000000E-04  0.000000E+00
  2.600000E+00  3.000000E-04  2.000000E-04
  2.800000E+00  3.000000E-04  0.000000E+00
  3.000000E+00  4.000000E-04  1.000000E-04
  3.200000E+00  5.000000E-04  1.000000E-04
  3.400000E+00  5.000000E-04  0.000000E+00
  3.600000E+00  5.000000E-04  0.000000E+00
  3.800000E+00  6.000000E-04  1.000000E-04
  4.000000E+00  1.000000E-03  4.000000E-04
  4.200000E+00  1.200000E-03  2.000000E-04
  4.400000E+00  1.300000E-03  1.000000E-04
  4.600000E+00  1.700000E-03  4.000000E-04
  4.800000E+00  2.000000E-03  3.000000E-04
  5.000000E+00  2.400000E-03  4.000000E-04
  5.200000E+00  2.900000E-03  5.000000E-04
  5.400000E+00  3.800000E-03  9.000000E-04
  5.600000E+00  4.700000E-03  9.000000E-04
  5.800000E+00  5.600000E-03  9.000000E-04
  6.000000E+00  6.600000E-03  1.000000E-03
  6.200000E+00  8.000000E-03  1.400000E-03
  6.400000E+00  1.120000E-02  3.200000E-03
  6.600000E+00  1.360000E-02  2.400000E-03
  6.800000E+00  1.620000E-02  2.600000E-03
  7.000000E+00  1.970000E-02  3.500000E-03
  7.200000E+00  2.400000E-02  4.300000E-03
  7.400000E+00  2.820000E-02  4.200000E-03
  7.600000E+00  3.540000E-02  7.200000E-03
  7.800000E+00  4.030000E-02  4.900000E-03
  8.000000E+00  4.880000E-02  8.500000E-03
  8.200000E+00  5.690000E-02  8.100000E-03
  8.400000E+00  7.120000E-02  1.430000E-02
  8.600000E+00  9.270000E-02  2.150000E-02
  8.800000E+00  1.297000E-01  3.700000E-02
  9.000000E+00  1.881000E-01  5.840000E-02
  9.200000E+00  2.740000E-01  8.590000E-02
  9.400000E+00  3.960000E-01  1.220000E-01
  9.600000E+00  5.365000E-01  1.405000E-01
  9.800000E+00  7.059000E-01  1.694000E-01
  1.000000E+01  9.045000E-01  1.986000E-01
  1.020000E+01  1.142900E+00  2.384000E-01
  1.040000E+01  1.390000E+00  2.471000E-01
  1.060000E+01  1.651700E+00  2.617000E-01
  1.080000E+01  1.928200E+00  2.765000E-01
  1.100000E+01  2.210600E+00  2.824000E-01
  1.120000E+01  2.504100E+00  2.935000E-01
  1.140000E+01  2.794500E+00  2.904000E-01
  1.160000E+01  3.088900E+00  2.944000E-01
  1.180000E+01  3.392500E+00  3.036000E-01
  1.200000E+01  3.699700E+00  3.072000E-01
  1.220000E+01  3.996900E+00  2.972000E-01
  1.240000E+01  4.306500E+00  3.096000E-01
  1.260000E+01  4.608500E+00  3.020000E-01
  1.280000E+01  4.907100E+00  2.986000E-01
  1.300000E+01  5.206000E+00  2.989000E-01
  1.320000E+01  5.515400E+00  3.094000E-01
  1.340000E+01  5.822700E+00  3.073000E-01
  1.360000E+01  6.136400E+00  3.137000E-01
  1.380000E+01  6.442100E+00  3.057000E-01
  1.400000E+01  6.750500E+00  3.084000E-01
  1.420000E+01  7.065200E+00  3.147000E-01
  1.440000E+01  7.383200E+00  3.180000E-01
  1.460000E+01  7.696300E+00  3.131000E-01
  1.480000E+01  8.009100E+00  3.128000E-01
  1.500000E+01  8.333400E+00  3.243000E-01
  1.520000E+01  8.647200E+00  3.138000E-01
  1.540000E+01  8.962600E+00  3.154000E-01
  1.560000E+01  9.283100E+00  3.205000E-01
  1.580000E+01  9.593800E+00  3.107000E-01
  1.600000E+01  9.908700E+00  3.149000E-01
  1.620000E+01  1.023230E+01  3.236000E-01
  1.640000E+01  1.054210E+01  3.098000E-01
  1.660000E+01  1.085760E+01  3.155000E-01
  1.680000E+01  1.116960E+01  3.120000E-01
  1.700000E+01  1.147610E+01  3.065000E-01
  1.720000E+01  1.178180E+01  3.057000E-01
  1.740000E+01  1.208570E+01  3.039000E-01
  1.760000E+01  1.238870E+01  3.030000E-01
  1.780000E+01  1.268960E+01  3.009000E-01
  1.800000E+01  1.296890E+01  2.793000E-01
  1.820000E+01  1.325980E+01  2.909000E-01
  1.840000E+01  1.354500E+01  2.852000E-01
  1.860000E+01  1.383210E+01  2.871000E-01
  1.880000E+01  1.412450E+01  2.924000E-01
  1.900000E+01  1.439710E+01  2.726000E-01
  1.920000E+01  1.466030E+01  2.632000E-01
  1.940000E+01  1.492480E+01  2.645000E-01
  1.960000E+01  1.519830E+01  2.735000E-01
  1.980000E+01  1.544960E+01  2.513000E-01
  2.000000E+01  1.570260E+01  2.530000E-01
  2.020000E+01  1.595590E+01  2.533000E-01
  2.040000E+01  1.620210E+01  2.462000E-01
  2.060000E+01  1.645560E+01  2.535000E-01
  2.080000E+01  1.670070E+01  2.451000E-01
  2.100000E+01  1.693520E+01  2.345000E-01
  2.120000E+01  1.716800E+01  2.328000E-01
  2.140000E+01  1.739660E+01  2.286000E-01
  2.160000E+01  1.762000E+01  2.234000E-01
  2.180000E+01  1.783510E+01  2.151000E-01
  2.200000E+01  1.805790E+01  2.228000E-01
  2.220000E+01  1.827130E+01  2.134000E-01
  2.240000E+01  1.848970E+01  2.184000E-01
  2.260000E+01  1.869810E+01  2.084000E-01
  2.280000E+01  1.890700E+01  2.089000E-01
  2.300000E+01  1.911030E+01  2.033000E-01
  2.320000E+01  1.931510E+01  2.048000E-01
  2.340000E+01  1.950990E+01  1.948000E-01
  2.360000E+01  1.970500E+01  1.951000E-01
  2.380000E+01  1.991460E+01  2.096000E-01
  2.400000E+01  2.010800E+01  1.934000E-01
  2.420000E+01  2.029140E+01  1.834000E-01
  2.440000E+01  2.047930E+01  1.879000E-01
  2.460000E+01  2.065450E+01  1.752000E-01
  2.480000E+01  2.083530E+01  1.808000E-01
  2.500000E+01  2.101360E+01  1.783000E-01
  2.520000E+01  2.119550E+01  1.819000E-01
  2.540000E+01  2.137030E+01  1.748000E-01
  2.560000E+01  2.154150E+01  1.712000E-01
  2.580000E+01  2.171450E+01  1.730000E-01
  2.600000E+01  2.188600E+01  1.715000E-01
  2.620000E+01  2.205730E+01  1.713000E-01
  2.640000E+01  2.221940E+01  1.621000E-01
  2.660000E+01  2.238630E+01  1.669000E-01
  2.680000E+01  2.254900E+01  1.627000E-01
  2.700000E+01  2.270540E+01  1.564000E-01
  2.720000E+01  2.286400E+01  1.586000E-01
  2.740000E+01  2.301540E+01  1.514000E-01
  2.760000E+01  2.316880E+01  1.534000E-01
  2.780000E+01  2.331710E+01  1.483000E-01
  2.800000E+01  2.346880E+01  1.517000E-01
  2.820000E+01  2.362270E+01  1.539000E-01
  2.840000E+01  2.377530E+01  1.526000E-01
  2.860000E+01  2.392130E+01  1.460000E-01
  2.880000E+01  2.406870E+01  1.474000E-01
  2.900000E+01  2.420980E+01  1.411000E-01
  2.920000E+01  2.434920E+01  1.394000E-01
  2.940000E+01  2.449210E+01  1.429000E-01
  2.960000E+01  2.462960E+01  1.375000E-01
  2.980000E+01  2.476960E+01  1.400000E-01
  3.000000E+01  2.490590E+01  1.363000E-01
  2.000000E-01  0.000000E+00  0.000000E+00
  4.000000E-01  0.000000E+00  0.000000E+00
  6.000000E-01  0.000000E+00  0.000000E+00
  8.000000E-01  0.000000E+00  0.000000E+00
  1.000000E+00  0.000000E+00  0.000000E+00
  1.200000E+00  0.000000E+00  0.000000E+00
  1.400000E+00  0.000000E+00  0.000000E+00
  1.600000E+00  0.000000E+00  0.000000E+00
  1.800000E+00  0.000000E+00  0.000000E+00
  2.000000E+00  1.000000E-04  1.000000E-04
  2.200000E+00  1.000000E-04  0.000000E+00
  2.400000E+00  1.000000E-04  0.000000E+00
  2.600000E+00  1.000000E-04  0.000000E+00
  2.800000E+00  2.000000E-04  1.000000E-04
  3.000000E+00  2.000000E-04  0.000000E+00
  3.200000E+00  3.000000E-04  1.000000E-04
  3.400000E+00  3.000000E-04  0.000000E+00
  3.600000E+00  3.000000E-04  0.000000E+00
  3.800000E+00  5.000000E-04  2.000000E-04
  4.000000E+00  6.000000E-04  1.000000E-04
  4.200000E+00  6.000000E-04  0.000000E+00
  4.400000E+00  7.000000E-04  1.000000E-04
  4.600000E+00  8.000000E-04  1.000000E-04
  4.800000E+00  1.000000E-03  2.000000E-04
  5.000000E+00  1.500000E-03  5.000000E-04
  5.200000E+00  1.700000E-03  2.000000E-04
  5.400000E+00  2.100000E-03  4.000000E-04
  5.600000E+00  2.600000E-03  5.000000E-04
  5.800000E+00  3.600000E-03  1.000000E-03
  6.000000E+00  4.400000E-03  8.000000E-04
  6.200000E+00  6.400000E-03  2.000000E-03
  6.400000E+00  8.100000E-03  1.700000E-03
  6.600000E+00  1.040000E-02  2.300000E-03
  6.800000E+00  1.270000E-02  2.300000E-03
  7.000000E+00  1.680000E-02  4.100000E-03
  7.200000E+00  2.290000E-02  6.100000E-03
  7.400000E+00  2.870000E-02  5.800000E-03
  7.600000E+00  3.430000E-02  5.600000E-03
  7.800000E+00  4.170000E-02  7.400000E-03
  8.000000E+00  4.960000E-02  7.900000E-03
  8.200000E+00  5.940000E-02  9.800000E-03
  8.400000E+00  7.480000E-02  1.540000E-02
  8.600000E+00  9.930000E-02  2.450000E-02
  8.800000E+00  1.392000E-01  3.990000E-02
  9.000000E+00  1.978000E-01  5.860000E-02
  9.200000E+00  2.778000E-01  8.000000E-02
  9.400000E+00  3.957000E-01  1.179000E-01
  9.600000E+00  5.386000E-01  1.429000E-01
  9.800000E+00  7.091000E-01  1.705000E-01
  1.000000E+01  9.129000E-01  2.038000E-01
  1.020000E+01  1.133100E+00  2.202000E-01
  1.040000E+01  1.379500E+00  2.464000E-01
  1.060000E+01  1.634400E+00  2.549000E-01
  1.080000E+01  1.895800E+00  2.614000E-01
  1.100000E+01  2.178300E+00  2.825000E-01
  1.120000E+01  2.464500E+00  2.862000E-01
  1.140000E+01  2.760200E+00  2.957000E-01
  1.160000E+01  3.059500E+00  2.993000E-01
  1.180000E+01  3.372300E+00  3.128000E-01
  1.200000E+01  3.683100E+00  3.108000E-01
  1.220000E+01  3.989400E+00  3.063000E-01
  1.240000E+01  4.295100E+00  3.057000E-01
  1.260000E+01  4.608700E+00  3.136000E-01
  1.280000E+01  4.917600E+00  3.089000E-01
  1.300000E+01  5.225600E+00  3.080000E-01
  1.320000E+01  5.530700E+00  3.051000E-01
  1.340000E+01  5.846500E+00  3.158000E-01
  1.360000E+01  6.156400E+00  3.099000E-01
  1.380000E+01  6.465700E+00  3.093000E-01
  1.400000E+01  6.770000E+00  3.043000E-01
  1.420000E+01  7.083500E+00  3.135000E-01
  1.440000E+01  7.396200E+00  3.127000E-01
  1.460000E+01  7.702700E+00  3.065000E-01
  1.480000E+01  8.026100E+00  3.234000E-01
  1.500000E+01  8.347300E+00  3.212000E-01
  1.520000E+01  8.659400E+00  3.121000E-01
  1.540000E+01  8.975600E+00  3.162000E-01
  1.560000E+01  9.283200E+00  3.076000E-01
  1.580000E+01  9.604500E+00  3.213000E-01
  1.600000E+01  9.912700E+00  3.082000E-01
  1.620000E+01  1.023070E+01  3.180000E-01
  1.640000E+01  1.053060E+01  2.999000E-01
  1.660000E+01  1.083560E+01  3.050000E-01
  1.680000E+01  1.112670E+01  2.911000E-01
  1.700000E+01  1.143300E+01  3.063000E-01
  1.720000E+01  1.173460E+01  3.016000E-01
  1.740000E+01  1.202550E+01  2.909000E-01
  1.760000E+01  1.232820E+01  3.027000E-01
  1.780000E+01  1.262200E+01  2.938000E-01
  1.800000E+01  1.291850E+01  2.965000E-01
  1.820000E+01  1.322180E+01  3.033000E-01
  1.840000E+01  1.351610E+01  2.943000E-01
  1.860000E+01  1.380250E+01  2.864000E-01
  1.880000E+01  1.408630E+01  2.838000E-01
  1.900000E+01  1.435900E+01  2.727000E-01
  1.920000E+01  1.463410E+01  2.751000E-01
  1.940000E+01  1.490780E+01  2.737000E-01
  1.960000E+01  1.516750E+01  2.597000E-01
  1.980000E+01  1.542980E+01  2.623000E-01
  2.000000E+01  1.569080E+01  2.610000E-01
  2.020000E+01  1.595140E+01  2.606000E-01
  2.040000E+01  1.620630E+01  2.549000E-01
  2.060000E+01  1.645490E+01  2.486000E-01
  2.080000E+01  1.669930E+01  2.444000E-01
  2.100000E+01  1.693760E+01  2.383000E-01
  2.120000E+01  1.717710E+01  2.395000E-01
  2.140000E+01  1.741300E+01  2.359000E-01
  2.160000E+01  1.764190E+01  2.289000E-01
  2.180000E+01  1.786620E+01  2.243000E-01
  2.200000E+01  1.808530E+01  2.191000E-01
  2.220000E+01  1.830230E+01  2.170000E-01
  2.240000E+01  1.851880E+01  2.165000E-01
  2.260000E+01  1.873250E+01  2.137000E-01
  2.280000E+01  1.894310E+01  2.106000E-01
  2.300000E+01  1.915700E+01  2.139000E-01
  2.320000E+01  1.935860E+01  2.016000E-01
  2.340000E+01  1.955840E+01  1.998000E-01
  2.360000E+01  1.975660E+01  1.982000E-01
  2.380000E+01  1.994900E+01  1.924000E-01
  2.400000E+01  2.013900E+01  1.900000E-01
  2.420000E+01  2.033610E+01  1.971000E-01
  2.440000E+01  2.052320E+01  1.871000E-01
  2.460000E+01  2.071010E+01  1.869000E-01
  2.480000E+01  2.090010E+01  1.900000E-01
  2.500000E+01  2.108780E+01  1.877000E-01
  2.520000E+01  2.126820E+01  1.804000E-01
  2.540000E+01  2.144340E+01  1.752000E-01
  2.560000E+01  2.161860E+01  1.752000E-01
  2.580000E+01  2.178350E+01  1.649000E-01
  2.600000E+01  2.196000E+01  1.765000E-01
  2.620000E+01  2.212870E+01  1.687000E-01
  2.640000E+01  2.229240E+01  1.637000E-01
  2.660000E+01  2.246040E+01  1.680000E-01
  2.680000E+01  2.262220E+01  1.618000E-01
  2.700000E+01  2.278190E+01  1.597000E-01
  2.720000E+01  2.293940E+01  1.575000E-01
  2.740000E+01  2.309300E+01  1.536000E-01
  2.760000E+01  2.324280E+01  1.498000E-01
  2.780000E+01  2.340150E+01  1.587000E-01
  2.800000E+01  2.355530E+01  1.538000E-01
  2.820000E+01  2.370490E+01  1.496000E-01
  2.840000E+01  2.385640E+01  1.515000E-01
  2.860000E+01  2.400440E+01  1.480000E-01
  2.880000E+01  2.415060E+01  1.462000E-01
  2.900000E+01  2.429640E+01  1.458000E-01
  2.920000E+01  2.444360E+01  1.472000E-01
  2.940000E+01  2.458710E+01  1.435000E-01
  2.960000E+01  2.472530E+01  1.382000E-01
  2.980000E+01  2.486460E+01  1.393000E-01
  3.000000E+01  2.500630E+01  1.417000E-01
  2.000000E-01  0.000000E+00  0.000000E+00
  4.000000E-01  0.000000E+00  0.000000E+00
  6.000000E-01  0.000000E+00  0.000000E+00
  8.000000E-01  0.000000E+00  0.000000E+00
  1.000000E+00  0.000000E+00  0.000000E+00
  1.200000E+00  0.000000E+00  0.000000E+00
  1.400000E+00  0.000000E+00  0.000000E+00
  1.600000E+00  0.000000E+00  0.000000E+00
  1.800000E+00  0.000000E+00  0.000000E+00
  2.000000E+00  0.000000E+00  0.000000E+00
  2.200000E+00  0.000000E+00  0.000000E+00
  2.400000E+00  0.000000E+00  0.000000E+00
  2.600000E+00  0.000000E+00  0.000000E+00
  2.800000E+00  0.000000E+00  0.000000E+00
  3.000000E+00  0.000000E+00  0.000000E+00
  3.200000E+00  0.000000E+00  0.000000E+00
  3.400000E+00  0.000000E+00  0.000000E+00
  3.600000E+00  0.000000E+00  0.000000E+00
  3.800000E+00  3.000000E-04  3.000000E-04
  4.000000E+00  6.000000E-04  3.000000E-04
  4.200000E+00  7.000000E-04  1.000000E-04
  4.400000E+00  9.000000E-04  2.000000E-04
  4.600000E+00  1.200000E-03  3.000000E-04
  4.800000E+00  1.600000E-03  4.000000E-04
  5.000000E+00  1.800000E-03  2.000000E-04
  5.200000E+00  2.000000E-03  2.000000E-04
  5.400000E+00  2.600000E-03  6.000000E-04
  5.600000E+00  3.700000E-03  1.100000E-03
  5.800000E+00  5.500000E-03  1.800000E-03
  6.000000E+00  6.500000E-03  1.000000E-03
  6.200000E+00  8.300000E-03  1.800000E-03
  6.400000E+00  9.800000E-03  1.500000E-03
  6.600000E+00  1.270000E-02  2.900000E-03
  6.800000E+00  1.490000E-02  2.200000E-03
  7.000000E+00  1.820000E-02  3.300000E-03
  7.200000E+00  2.300000E-02  4.800000E-03
  7.400000E+00  2.720000E-02  4.200000E-03
  7.600000E+00  3.360000E-02  6.400000E-03
  7.800000E+00  3.830000E-02  4.700000E-03
  8.000000E+00  4.770000E-02  9.400000E-03
  8.200000E+00  5.690000E-02  9.200000E-03
  8.400000E+00  7.130000E-02  1.440000E-02
  8.600000E+00  9.310000E-02  2.180000E-02
  8.800000E+00  1.325000E-01  3.940000E-02
  9.000000E+00  1.897000E-01  5.720000E-02
  9.200000E+00  2.763000E-01  8.660000E-02
  9.400000E+00  3.999000E-01  1.236000E-01
  9.600000E+00  5.512000E-01  1.513000E-01
  9.800000E+00  7.223000E-01  1.711000E-01
  1.000000E+01  9.271000E-01  2.048000E-01
  1.020000E+01  1.152400E+00  2.253000E-01
  1.040000E+01  1.392300E+00  2.399000E-01
  1.060000E+01  1.654000E+00  2.617000E-01
  1.080000E+01  1.925700E+00  2.717000E-01
  1.100000E+01  2.223300E+00  2.976000E-01
  1.120000E+01  2.508300E+00  2.850000E-01
  1.140000E+01  2.815600E+00  3.073000E-01
  1.160000E+01  3.105500E+00  2.899000E-01
  1.180000E+01  3.413100E+00  3.076000E-01
  1.200000E+01  3.713000E+00  2.999000E-01
  1.220000E+01  4.019800E+00  3.068000E-01
  1.240000E+01  4.332600E+00  3.128000E-01
  1.260000E+01  4.639100E+00  3.065000E-01
  1.280000E+01  4.941300E+00  3.022000E-01
  1.300000E+01  5.252300E+00  3.110000E-01
  1.320000E+01  5.562700E+00  3.104000E-01
  1.340000E+01  5.857100E+00  2.944000E-01
  1.360000E+01  6.155900E+00  2.988000E-01
  1.380000E+01  6.469400E+00  3.135000E-01
  1.400000E+01  6.782600E+00  3.132000E-01
  1.420000E+01  7.096600E+00  3.140000E-01
  1.440000E+01  7.405800E+00  3.092000E-01
  1.460000E+01  7.716300E+00  3.105000E-01
  1.480000E+01  8.022900E+00  3.066000E-01
  1.500000E+01  8.343700E+00  3.208000E-01
  1.520000E+01  8.654600E+00  3.109000E-01
  1.540000E+01  8.970700E+00  3.161000E-01
  1.560000E+01  9.280200E+00  3.095000E-01
  1.580000E+01  9.597500E+00  3.173000E-01
  1.600000E+01  9.912000E+00  3.145000E-01
  1.620000E+01  1.022940E+01  3.174000E-01
  1.640000E+01  1.054620E+01  3.168000E-01
  1.660000E+01  1.085470E+01  3.085000E-01
  1.680000E+01  1.117650E+01  3.218000E-01
  1.700000E+01  1.148840E+01  3.119000E-01
  1.720000E+01  1.180300E+01  3.146000E-01
  1.740000E+01  1.210280E+01  2.998000E-01
  1.760000E+01  1.239890E+01  2.961000E-01
  1.780000E+01  1.269290E+01  2.940000E-01
  1.800000E+01  1.298940E+01  2.965000E-01
  1.820000E+01  1.328640E+01  2.970000E-01
  1.840000E+01  1.357020E+01  2.838000E-01
  1.860000E+01  1.385870E+01  2.885000E-01
  1.880000E+01  1.414000E+01  2.813000E-01
  1.900000E+01  1.441950E+01  2.795000E-01
  1.920000E+01  1.468890E+01  2.694000E-01
  1.940000E+01  1.495420E+01  2.653000E-01
  1.960000E+01  1.521800E+01  2.638000E-01
  1.980000E+01  1.548710E+01  2.691000E-01
  2.000000E+01  1.575070E+01  2.636000E-01
  2.020000E+01  1.599810E+01  2.474000E-01
  2.040000E+01  1.625140E+01  2.533000E-01
  2.060000E+01  1.649760E+01  2.462000E-01
  2.080000E+01  1.674490E+01  2.473000E-01
  2.100000E+01  1.698020E+01  2.353000E-01
  2.120000E+01  1.721120E+01  2.310000E-01
  2.140000E+01  1.744780E+01  2.366000E-01
  2.160000E+01  1.767960E+01  2.318000E-01
  2.180000E+01  1.791360E+01  2.340000E-01
  2.200000E+01  1.813740E+01  2.238000E-01
  2.220000E+01  1.835810E+01  2.207000E-01
  2.240000E+01  1.858550E+01  2.274000E-01
  2.260000E+01  1.879480E+01  2.093000E-01
  2.280000E+01  1.899630E+01  2.015000E-01
  2.300000E+01  1.920750E+01  2.112000E-01
  2.320000E+01  1.941700E+01  2.095000E-01
  2.340000E+01  1.962630E+01  2.093000E-01
  2.360000E+01  1.982360E+01  1.973000E-01
  2.380000E+01  2.001700E+01  1.934000E-01
  2.400000E+01  2.021240E+01  1.954000E-01
  2.420000E+01  2.039570E+01  1.833000E-01
  2.440000E+01  2.058790E+01  1.922000E-01
  2.460000E+01  2.077630E+01  1.884000E-01
  2.480000E+01  2.096060E+01  1.843000E-01
  2.500000E+01  2.114510E+01  1.845000E-01
  2.520000E+01  2.132130E+01  1.762000E-01
  2.540000E+01  2.149850E+01  1.772000E-01
  2.560000E+01  2.167640E+01  1.779000E-01
  2.580000E+01  2.185270E+01  1.763000E-01
  2.600000E+01  2.202570E+01  1.730000E-01
  2.620000E+01  2.218870E+01  1.630000E-01
  2.640000E+01  2.235850E+01  1.698000E-01
  2.660000E+01  2.252560E+01  1.671000E-01
  2.680000E+01  2.268190E+01  1.563000E-01
  2.700000E+01  2.285200E+01  1.701000E-01
  2.720000E+01  2.300620E+01  1.542000E-01
  2.740000E+01  2.316880E+01  1.626000E-01
  2.760000E+01  2.331870E+01  1.499000E-01
  2.780000E+01  2.347060E+01  1.519000E-01
  2.800000E+01  2.362030E+01  1.497000E-01
  2.820000E+01  2.377270E+01  1.524000E-01
  2.840000E+01  2.392600E+01  1.533000E-01
  2.860000E+01  2.407350E+01  1.475000E-01
  2.880000E+01  2.422560E+01  1.521000E-01
  2.900000E+01  2.437280E+01  1.472000E-01
  2.920000E+01  2.451670E+01  1.439000E-01
  2.940000E+01  2.466250E+01  1.458000E-01
  2.960000E+01  2.479620E+01  1.337000E-01
  2.980000E+01  2.494350E+01  1.473000E-01
  3.000000E+01  2.508590E+01  1.424000E-01
  2.000000E-01  0.000000E+00  0.000000E+00
  4.000000E-01  0.000000E+00  0.000000E+00
  6.000000E-01  0.000000E+00  0.000000E+00
  8.000000E-01  0.000000E+00  0.000000E+00
  1.000000E+00  0.000000E+00  0.000000E+00
  1.200000E+00  0.000000E+00  0.000000E+00
  1.400000E+00  0.000000E+00  0.000000E+00
  1.600000E+00  0.000000E+00  0.000000E+00
  1.800000E+00  0.000000E+00  0.000000E+00
  2.000000E+00  0.000000E+00  0.000000E+00
  2.200000E+00  0.000000E+00  0.000000E+00
  2.400000E+00  1.000000E-04  1.000000E-04
  2.600000E+00  2.000000E-04  1.000000E-04
  2.800000E+00  2.000000E-04  0.000000E+00
  3.000000E+00  3.000000E-04  1.000000E-04
  3.200000E+00  4.000000E-04  1.000000E-04
  3.400000E+00  6.000000E-04  2.000000E-04
  3.600000E+00  6.000000E-04  0.000000E+00
  3.800000E+00  7.000000E-04  1.000000E-04
  4.000000E+00  1.000000E-03  3.000000E-04
  4.200000E+00  1.000000E-03  0.000000E+00
  4.400000E+00  1.400000E-03  4.000000E-04
  4.600000E+00  1.400000E-03  0.000000E+00
  4.800000E+00  1.700000E-03  3.000000E-04
  5.000000E+00  2.300000E-03  6.000000E-04
  5.200000E+00  3.000000E-03  7.000000E-04
  5.400000E+00  3.400000E-03  4.000000E-04
  5.600000E+00  4.500000E-03  1.100000E-03
  5.800000E+00  5.300000E-03  8.000000E-04
  6.000000E+00  5.800000E-03  5.000000E-04
  6.200000E+00  7.000000E-03  1.200000E-03
  6.400000E+00  9.400000E-03  2.400000E-03
  6.600000E+00  1.040000E-02  1.000000E-03
  6.800000E+00  1.270000E-02  2.300000E-03
  7.000000E+00  1.590000E-02  3.200000E-03
  7.200000E+00  1.990000E-02  4.000000E-03
  7.400000E+00  2.380000E-02  3.900000E-03
  7.600000E+00  2.910000E-02  5.300000E-03
  7.800000E+00  3.450000E-02  5.400000E-03
  8.000000E+00  4.260000E-02  8.100000E-03
  8.200000E+00  5.430000E-02  1.170000E-02
  8.400000E+00  6.920000E-02  1.490000E-02
  8.600000E+00  9.130000E-02  2.210000E-02
  8.800000E+00  1.268000E-01  3.550000E-02
  9.000000E+00  1.804000E-01  5.360000E-02
  9.200000E+00  2.587000E-01  7.830000E-02
  9.400000E+00  3.721000E-01  1.134000E-01
  9.600000E+00  5.067000E-01  1.346000E-01
  9.800000E+00  6.737000E-01  1.670000E-01
  1.000000E+01  8.791000E-01  2.054000E-01
  1.020000E+01  1.097700E+00  2.186000E-01
  1.040000E+01  1.344200E+00  2.465000E-01
  1.060000E+01  1.611000E+00  2.668000E-01
  1.080000E+01  1.884800E+00  2.738000E-01
  1.100000E+01  2.177000E+00  2.922000E-01
  1.120000E+01  2.466500E+00  2.895000E-01
  1.140000E+01  2.774400E+00  3.079000E-01
  1.160000E+01  3.081200E+00  3.068000E-01
  1.180000E+01  3.398600E+00  3.174000E-01
  1.200000E+01  3.705300E+00  3.067000E-01
  1.220000E+01  4.005900E+00  3.006000E-01
  1.240000E+01  4.321100E+00  3.152000E-01
  1.260000E+01  4.635300E+00  3.142000E-01
  1.280000E+01  4.947100E+00  3.118000E-01
  1.300000E+01  5.261900E+00  3.148000E-01
  1.320000E+01  5.574900E+00  3.130000E-01
  1.340000E+01  5.883300E+00  3.084000E-01
  1.360000E+01  6.194000E+00  3.107000E-01
  1.380000E+01  6.504400E+00  3.104000E-01
  1.400000E+01  6.820600E+00  3.162000E-01
  1.420000E+01  7.132500E+00  3.119000E-01
  1.440000E+01  7.443000E+00  3.105000E-01
  1.460000E+01  7.754000E+00  3.110000E-01
  1.480000E+01  8.059000E+00  3.050000E-01
  1.500000E+01  8.364100E+00  3.051000E-01
  1.520000E+01  8.685500E+00  3.214000E-01
  1.540000E+01  9.000100E+00  3.146000E-01
  1.560000E+01  9.316400E+00  3.163000E-01
  1.580000E+01  9.628500E+00  3.121000E-01
  1.600000E+01  9.935700E+00  3.072000E-01
  1.620000E+01  1.024970E+01  3.140000E-01
  1.640000E+01  1.055350E+01  3.038000E-01
  1.660000E+01  1.086110E+01  3.076000E-01
  1.680000E+01  1.116500E+01  3.039000E-01
  1.700000E+01  1.145810E+01  2.931000E-01
  1.720000E+01  1.175730E+01  2.992000E-01
  1.740000E+01  1.205880E+01  3.015000E-01
  1.760000E+01  1.236060E+01  3.018000E-01
  1.780000E+01  1.265410E+01  2.935000E-01
  1.800000E+01  1.294710E+01  2.930000E-01
  1.820000E+01  1.323530E+01  2.882000E-01
  1.840000E+01  1.351590E+01  2.806000E-01
  1.860000E+01  1.380060E+01  2.847000E-01
  1.880000E+01  1.408760E+01  2.870000E-01
  1.900000E+01  1.437150E+01  2.839000E-01
  1.920000E+01  1.464820E+01  2.767000E-01
  1.940000E+01  1.491760E+01  2.694000E-01
  1.960000E+01  1.517960E+01  2.620000E-01
  1.980000E+01  1.544010E+01  2.605000E-01
  2.000000E+01  1.569090E+01  2.508000E-01
  2.020000E+01  1.594100E+01  2.501000E-01
  2.040000E+01  1.619120E+01  2.502000E-01
  2.060000E+01  1.643990E+01  2.487000E-01
  2.080000E+01  1.667640E+01  2.365000E-01
  2.100000E+01  1.691550E+01  2.391000E-01
  2.120000E+01  1.715070E+01  2.352000E-01
  2.140000E+01  1.737660E+01  2.259000E-01
  2.160000E+01  1.760420E+01  2.276000E-01
  2.180000E+01  1.782260E+01  2.184000E-01
  2.200000E+01  1.805520E+01  2.326000E-01
  2.220000E+01  1.827410E+01  2.189000E-01
  2.240000E+01  1.848100E+01  2.069000E-01
  2.260000E+01  1.869160E+01  2.106000E-01
  2.280000E+01  1.890630E+01  2.147000E-01
  2.300000E+01  1.910910E+01  2.028000E-01
  2.320000E+01  1.931130E+01  2.022000E-01
  2.340000E+01  1.950390E+01  1.926000E-01
  2.360000E+01  1.969750E+01  1.936000E-01
  2.380000E+01  1.989520E+01  1.977000E-01
  2.400000E+01  2.009590E+01  2.007000E-01
  2.420000E+01  2.028530E+01  1.894000E-01
  2.440000E+01  2.047290E+01  1.876000E-01
  2.460000E+01  2.065100E+01  1.781000E-01
  2.480000E+01  2.083650E+01  1.855000E-01
  2.500000E+01  2.101270E+01  1.762000E-01
  2.520000E+01  2.119040E+01  1.777000E-01
  2.540000E+01  2.136510E+01  1.747000E-01
  2.560000E+01  2.154240E+01  1.773000E-01
  2.580000E+01  2.171300E+01  1.706000E-01
  2.600000E+01  2.188650E+01  1.735000E-01
  2.620000E+01  2.205250E+01  1.660000E-01
  2.640000E+01  2.221490E+01  1.624000E-01
  2.660000E+01  2.238030E+01  1.654000E-01
  2.680000E+01  2.254730E+01  1.670000E-01
  2.700000E+01  2.270890E+01  1.616000E-01
  2.720000E+01  2.287220E+01  1.633000E-01
  2.740000E+01  2.303570E+01  1.635000E-01
  2.760000E+01  2.319140E+01  1.557000E-01
  2.780000E+01  2.334000E+01  1.486000E-01
  2.800000E+01  2.350070E+01  1.607000E-01
  2.820000E+01  2.365160E+01  1.509000E-01
  2.840000E+01  2.379830E+01  1.467000E-01
  2.860000E+01  2.394780E+01  1.495000E-01
  2.880000E+01  2.408130E+01  1.335000E-01
  2.900000E+01  2.422980E+01  1.485000E-01
  2.920000E+01  2.437170E+01  1.419000E-01
  2.940000E+01  2.451250E+01  1.408000E-01
  2.960000E+01  2.465540E+01  1.429000E-01
  2.980000E+01  2.479890E+01  1.435000E-01
  3.000000E+01  2.494180E+01  1.429000E-01
